1 9 13 12 11 
1 8 9 11 12 
1 11 10 13 8 
1 7 9 9 10 
1 7 9 7 13 
1 8 8 7 9 
1 9 13 13 11 
1 13 13 12 12 
1 7 8 13 7 
1 12 12 11 10 
1 7 12 7 13 
1 12 11 7 10 
1 12 12 8 9 
1 13 9 13 7 
1 7 10 10 10 
1 10 13 11 11 
1 13 11 7 10 
1 12 9 9 12 
1 7 12 13 12 
1 12 9 8 9 
1 10 9 7 13 
1 11 7 7 7 
1 12 10 11 9 
1 9 7 10 8 
1 7 7 13 9 
1 11 9 8 9 
1 13 8 10 12 
1 10 10 9 10 
1 10 7 13 9 
1 7 10 7 12 
1 7 12 8 8 
1 11 9 10 11 
1 11 13 8 10 
1 8 12 8 7 
1 7 7 12 7 
1 12 13 10 8 
1 10 10 8 12 
1 12 13 7 11 
1 7 12 10 13 
1 10 12 7 7 
1 8 11 11 7 
1 7 7 7 12 
1 13 7 13 12 
1 7 11 10 10 
1 7 10 10 7 
1 11 9 8 7 
1 9 13 8 13 
1 11 7 12 11 
1 12 13 13 11 
1 7 11 11 12 
1 10 13 11 11 
1 12 10 10 11 
1 11 9 7 10 
1 10 12 13 12 
1 11 8 12 7 
1 11 9 13 12 
1 10 10 10 13 
1 7 12 8 8 
1 11 11 7 7 
1 13 7 9 10 
1 13 12 12 11 
1 7 12 13 12 
1 7 9 11 7 
1 10 12 8 12 
1 9 7 7 8 
1 11 8 12 12 
1 11 8 13 11 
1 7 8 12 8 
1 9 7 13 11 
1 7 8 10 8 
1 8 7 8 10 
1 11 8 9 13 
1 7 9 11 13 
1 13 9 11 13 
1 12 12 12 12 
1 7 9 13 12 
1 12 12 10 11 
1 10 12 13 13 
1 13 12 12 13 
1 13 7 9 10 
1 10 12 7 11 
1 12 13 7 10 
1 12 9 11 7 
1 10 13 9 7 
1 11 11 9 10 
1 9 13 12 11 
1 11 13 12 10 
1 7 12 7 12 
1 12 12 11 13 
1 13 11 8 9 
1 9 8 7 7 
1 9 7 12 9 
1 7 9 8 12 
1 9 7 13 11 
1 12 12 7 13 
1 8 11 13 12 
1 11 10 8 12 
1 10 10 13 10 
1 10 11 11 7 
1 8 9 7 11 
1 8 9 10 8 
1 11 11 12 11 
1 12 13 10 12 
1 12 13 11 8 
1 10 11 12 13 
1 10 8 9 11 
1 10 8 7 11 
1 8 11 11 11 
1 9 13 10 12 
1 8 12 10 10 
1 8 13 10 9 
1 13 11 7 8 
1 13 11 12 12 
1 12 11 9 10 
1 10 7 13 8 
1 7 10 13 11 
1 7 12 13 7 
1 12 13 9 9 
1 12 9 10 7 
1 8 12 9 10 
1 8 8 7 11 
1 10 8 12 7 
1 7 11 8 8 
1 13 7 12 9 
1 9 13 7 11 
1 13 13 12 13 
1 12 13 8 12 
1 7 8 7 13 
1 10 12 7 13 
1 11 12 12 7 
1 9 7 12 7 
1 10 8 9 12 
1 12 9 7 10 
1 10 11 9 12 
1 13 10 8 7 
1 8 7 12 9 
1 13 10 10 8 
1 9 8 13 9 
1 7 10 7 8 
1 13 12 7 13 
1 10 9 11 10 
1 10 8 12 10 
1 7 7 11 8 
1 11 12 13 7 
1 9 13 11 10 
1 13 10 12 11 
1 9 12 12 13 
1 8 8 11 7 
1 9 13 9 12 
1 7 8 12 9 
1 12 8 8 7 
1 8 7 10 7 
1 10 13 13 10 
1 8 8 10 10 
1 11 12 13 12 
1 9 10 7 10 
1 9 11 11 10 
1 11 11 11 8 
1 12 9 13 9 
1 11 10 8 7 
1 8 12 13 10 
1 12 8 9 7 
1 11 9 9 9 
1 9 12 10 10 
1 10 11 13 8 
1 9 12 12 8 
1 12 8 13 8 
1 8 11 7 10 
1 13 10 12 11 
1 10 13 12 12 
1 12 9 7 10 
1 10 11 10 8 
1 12 8 13 9 
1 8 8 12 8 
1 11 7 8 8 
1 11 10 12 8 
1 11 11 8 9 
1 13 12 12 10 
1 10 13 9 7 
1 13 9 13 13 
1 8 9 9 13 
1 12 10 12 10 
1 7 8 13 9 
1 11 13 10 12 
1 8 8 12 7 
1 8 9 11 13 
1 11 9 9 8 
1 11 7 12 7 
1 7 7 7 11 
1 9 13 7 10 
1 7 7 11 10 
1 13 10 10 11 
1 9 8 13 12 
1 11 10 10 13 
1 9 8 11 7 
1 7 13 11 9 
1 7 8 8 10 
1 7 10 8 10 
1 9 10 11 12 
1 8 11 13 12 
1 7 10 7 8 
1 11 12 9 12 
1 12 9 12 9 
1 8 8 12 8 
1 12 12 11 12 
1 9 10 7 10 
1 12 11 11 10 
1 8 7 13 11 
1 8 8 13 10 
1 11 7 13 10 
1 8 12 8 9 
1 11 10 10 8 
1 8 8 11 7 
1 12 8 12 9 
1 10 10 9 12 
1 10 7 9 11 
1 12 11 10 10 
1 13 11 11 13 
1 11 13 13 7 
1 9 13 13 13 
1 10 9 11 9 
1 11 8 11 13 
1 10 10 8 9 
1 10 7 12 10 
1 12 12 9 7 
1 7 13 7 9 
1 10 9 11 7 
1 13 13 10 7 
1 13 10 7 13 
1 10 9 10 10 
1 10 8 12 13 
1 10 7 10 7 
1 13 8 10 9 
1 12 8 13 11 
1 13 11 7 12 
1 10 11 13 9 
1 7 9 8 8 
1 12 12 7 8 
1 13 10 11 11 
1 10 10 13 10 
1 12 13 9 9 
1 7 13 10 12 
1 9 13 13 13 
1 11 7 10 8 
1 12 13 7 8 
1 13 12 7 10 
1 10 8 7 7 
1 10 12 12 11 
1 13 13 11 9 
1 11 12 7 10 
1 13 10 8 9 
1 12 7 9 10 
1 11 12 10 9 
1 11 13 12 9 
1 10 13 9 11 
1 9 10 7 13 
1 12 8 7 7 
1 8 9 9 8 
1 9 12 12 8 
1 9 13 8 13 
1 13 11 13 11 
1 10 7 12 9 
1 12 7 13 12 
1 9 7 13 13 
1 8 11 8 12 
1 10 13 9 9 
1 10 10 12 10 
1 10 12 13 12 
1 7 7 12 12 
1 7 8 10 10 
1 12 9 7 12 
1 13 10 12 13 
1 12 13 8 10 
1 11 12 8 9 
1 8 7 9 11 
1 9 13 11 12 
1 10 11 7 9 
1 7 12 9 12 
1 12 11 12 9 
1 12 13 7 7 
1 9 12 7 8 
1 13 11 9 13 
1 12 12 7 13 
1 7 11 7 12 
1 12 10 13 12 
1 7 13 11 10 
1 11 12 11 9 
1 9 11 7 7 
1 8 12 11 11 
1 11 13 13 13 
1 11 13 8 9 
1 9 10 11 7 
1 8 7 12 9 
1 12 13 12 8 
1 13 11 8 11 
1 7 10 13 8 
1 10 7 10 11 
1 11 9 12 9 
1 9 7 8 10 
1 13 12 11 9 
1 11 10 9 7 
1 8 10 11 9 
1 12 8 11 10 
1 7 8 12 9 
1 12 11 7 13 
1 11 10 8 9 
1 11 12 7 8 
1 7 7 8 8 
1 7 12 11 8 
1 12 12 12 11 
1 10 10 8 8 
1 9 11 12 9 
1 8 8 7 13 
1 11 8 13 8 
1 12 10 8 11 
1 12 10 13 7 
1 12 13 13 8 
1 10 10 7 13 
1 11 12 12 8 
1 9 11 8 8 
1 8 9 8 10 
1 8 10 7 9 
1 12 12 7 10 
1 11 13 12 11 
1 12 13 13 9 
1 9 10 11 10 
1 7 7 13 12 
1 8 10 11 7 
1 8 13 9 8 
1 8 13 10 9 
1 12 13 8 10 
1 11 12 13 10 
1 7 10 8 11 
1 13 7 12 9 
1 12 11 7 8 
1 13 11 11 11 
1 10 7 11 11 
1 12 7 7 7 
1 13 7 13 12 
1 7 11 12 12 
1 7 10 8 12 
1 9 8 7 12 
1 12 8 8 12 
1 8 13 9 7 
1 10 11 7 8 
1 11 9 9 10 
1 9 10 10 11 
1 8 10 7 9 
1 13 8 13 12 
1 8 7 10 9 
1 13 13 11 8 
1 13 7 8 8 
1 13 9 11 8 
1 11 8 9 11 
1 10 7 9 9 
1 10 8 11 12 
1 13 11 10 13 
1 13 8 7 13 
1 9 13 7 8 
1 12 13 13 12 
1 13 9 9 8 
1 7 8 10 13 
1 12 12 12 11 
1 8 9 13 8 
1 8 11 10 10 
1 7 10 10 13 
1 13 10 12 9 
1 7 7 7 13 
1 9 11 11 10 
1 11 8 9 10 
1 13 12 10 13 
1 13 10 10 9 
1 7 7 11 13 
1 7 11 10 12 
1 12 12 9 7 
1 7 10 9 11 
1 11 8 7 10 
1 11 9 13 7 
1 12 10 10 9 
1 10 13 7 13 
1 13 12 7 13 
1 12 9 7 10 
1 7 11 12 8 
1 8 11 13 10 
1 10 10 11 12 
1 7 7 7 7 
1 9 10 13 13 
1 8 9 7 11 
1 9 8 12 11 
1 9 11 9 7 
1 13 7 7 10 
1 9 13 11 9 
1 8 9 10 11 
1 12 11 12 12 
1 8 12 9 11 
1 12 13 10 11 
1 8 7 12 8 
1 12 10 8 8 
1 8 10 12 13 
1 10 7 11 10 
1 8 11 8 8 
1 8 11 8 7 
1 13 10 10 12 
1 10 10 9 8 
1 12 11 10 10 
1 8 11 11 10 
1 11 7 9 12 
1 11 13 13 8 
1 8 8 8 7 
1 11 7 7 13 
1 11 7 11 8 
1 7 12 9 11 
1 10 11 10 9 
1 13 11 9 11 
1 12 7 7 8 
1 12 13 10 12 
1 11 9 7 12 
1 13 7 7 13 
1 7 7 7 7 
1 13 9 7 9 
1 11 7 13 11 
1 9 9 8 10 
1 11 7 13 11 
1 7 9 13 7 
1 13 12 12 8 
1 10 7 12 10 
1 10 7 9 10 
1 13 8 11 13 
1 8 8 12 8 
1 9 7 11 9 
1 12 9 11 7 
1 12 13 11 9 
1 8 10 8 13 
1 10 10 10 9 
1 12 7 12 8 
1 9 8 7 11 
1 9 12 12 10 
1 10 10 12 9 
1 7 11 13 12 
1 13 11 7 13 
1 12 7 13 9 
1 9 12 8 8 
1 9 8 7 11 
1 10 13 11 12 
1 7 9 9 8 
1 12 11 13 11 
1 10 11 7 13 
1 13 12 11 12 
1 13 12 9 11 
1 9 7 8 13 
1 11 8 13 12 
1 8 9 10 13 
1 9 9 8 9 
1 13 12 11 7 
1 11 13 7 11 
1 10 10 11 12 
1 9 9 11 8 
1 12 11 9 12 
1 11 7 7 7 
1 13 10 8 10 
1 10 7 13 13 
1 7 9 13 7 
1 12 7 7 8 
1 10 11 9 12 
1 8 7 13 8 
1 7 11 10 8 
1 12 8 13 7 
1 7 7 13 9 
1 12 10 12 11 
1 10 13 10 13 
1 10 9 12 13 
1 11 8 9 7 
1 13 7 7 12 
1 11 13 7 8 
1 13 12 7 12 
1 11 10 12 11 
1 8 7 8 13 
1 7 12 8 8 
1 7 9 10 9 
1 12 12 11 8 
1 7 10 10 11 
1 7 10 11 12 
1 10 12 13 11 
1 8 7 10 13 
1 13 11 11 9 
1 12 12 10 8 
1 8 7 10 9 
1 12 8 12 7 
1 8 12 9 12 
1 10 7 12 9 
1 11 7 13 8 
1 13 11 9 13 
1 11 13 9 11 
1 9 9 10 9 
1 8 8 13 11 
1 10 8 13 12 
1 11 13 7 10 
1 12 9 11 13 
1 13 11 10 9 
1 10 10 11 7 
1 9 8 10 7 
1 10 9 9 7 
1 12 13 10 8 
1 12 8 8 10 
1 9 7 8 13 
1 10 7 13 12 
1 8 9 12 9 
1 8 10 7 8 
1 10 13 12 11 
1 10 11 11 12 
1 11 13 7 10 
1 11 10 13 9 
1 10 8 12 9 
1 13 12 7 12 
1 9 10 13 7 
1 9 11 11 7 
1 9 12 11 13 
1 12 9 7 11 
1 8 12 12 10 
1 8 10 8 12 
1 7 13 13 13 
1 11 12 8 11 
1 11 8 10 12 
1 11 11 12 12 
1 9 8 11 12 
1 10 13 13 10 
1 7 9 12 7 
1 8 12 12 10 
1 9 9 8 13 
1 12 9 9 10 
1 8 9 10 11 
1 8 9 10 10 
1 12 7 10 9 
1 13 10 11 9 
1 9 8 7 10 
1 13 13 9 10 
1 9 12 10 11 
1 9 13 8 10 
1 8 13 7 12 
1 10 8 11 8 
1 12 12 11 10 
1 8 7 9 13 
1 8 8 13 8 
1 11 7 9 13 
1 11 10 10 7 
1 11 9 10 10 
1 13 9 9 11 
1 12 9 9 10 
1 13 8 13 8 
1 13 9 9 8 
1 8 10 8 8 
1 8 9 11 10 
1 13 8 9 9 
1 10 12 12 13 
1 13 12 12 8 
1 7 9 9 11 
1 13 9 12 9 
1 11 11 7 9 
1 7 13 9 8 
1 11 9 13 7 
1 9 7 8 11 
1 12 13 9 7 
1 12 10 13 13 
1 12 10 11 12 
1 12 12 12 8 
1 13 13 12 12 
1 8 7 12 7 
1 12 8 12 12 
1 10 12 10 13 
1 8 11 10 13 
1 9 12 7 8 
1 7 10 11 12 
1 7 10 10 9 
1 13 12 10 12 
1 10 11 10 8 
1 10 7 11 13 
1 8 8 9 13 
1 9 13 9 13 
1 8 13 10 12 
1 12 10 13 9 
1 12 7 9 8 
1 7 13 9 8 
1 8 7 8 8 
1 11 8 12 13 
1 8 7 12 8 
1 10 7 9 8 
1 9 11 12 7 
1 9 8 7 13 
1 12 7 9 8 
1 12 11 7 11 
1 11 7 10 13 
1 8 10 7 9 
1 11 13 10 10 
1 12 13 13 10 
1 7 8 9 10 
1 13 9 10 12 
1 12 9 9 11 
1 10 12 12 12 
1 7 7 10 11 
1 7 11 11 10 
1 9 8 7 13 
1 12 13 12 11 
1 12 8 11 13 
1 9 11 9 12 
1 7 9 8 8 
1 13 9 11 13 
1 13 13 11 8 
1 8 13 10 12 
1 8 10 11 8 
1 8 8 9 9 
1 11 9 12 10 
1 9 10 10 7 
1 8 7 13 10 
1 7 13 8 9 
1 9 9 10 8 
1 12 12 10 12 
1 8 12 11 12 
1 11 9 11 11 
1 8 11 8 13 
1 13 8 12 12 
1 11 7 8 7 
1 12 8 7 9 
1 12 8 13 13 
1 11 11 8 13 
1 11 10 11 7 
1 9 11 12 12 
1 13 8 9 9 
1 10 10 12 12 
1 7 9 12 8 
1 10 11 10 10 
1 12 10 8 8 
1 13 10 7 9 
1 7 12 10 12 
1 11 9 9 9 
1 11 7 7 13 
1 8 8 11 9 
1 10 13 11 13 
1 7 13 12 8 
1 11 9 7 11 
1 11 11 9 11 
1 12 10 9 9 
1 12 12 13 11 
1 11 13 9 8 
1 12 11 10 12 
1 8 7 7 10 
1 13 7 11 11 
1 13 8 13 8 
1 8 8 13 10 
1 7 13 12 12 
1 8 12 12 7 
1 12 11 13 9 
1 8 12 8 10 
1 9 9 12 10 
1 11 13 13 13 
1 7 8 12 8 
1 9 11 10 10 
1 12 9 9 7 
1 9 10 12 7 
1 7 13 8 11 
1 8 11 8 7 
1 13 13 9 9 
1 7 8 11 12 
1 12 12 9 12 
1 12 13 10 11 
1 8 13 8 10 
1 12 12 7 13 
1 10 9 8 8 
1 7 8 7 9 
1 9 13 9 13 
1 12 7 11 12 
1 8 10 13 8 
1 8 10 10 8 
1 11 8 11 7 
1 11 8 7 10 
1 9 10 7 12 
1 10 7 13 7 
1 10 9 7 8 
1 10 11 10 7 
1 10 12 9 10 
1 10 13 9 8 
1 9 11 7 11 
1 7 13 8 10 
1 10 9 11 13 
1 12 7 13 11 
1 13 13 8 13 
1 9 12 8 12 
1 12 8 7 13 
1 8 8 13 8 
1 8 7 13 13 
1 7 8 11 12 
1 8 7 11 10 
1 11 11 10 7 
1 11 9 12 12 
1 12 9 8 9 
1 8 11 9 10 
1 8 8 7 12 
1 13 8 10 9 
1 8 11 10 11 
1 12 7 13 8 
1 11 7 10 12 
1 9 11 8 13 
1 12 12 13 13 
1 7 11 13 11 
1 11 12 13 11 
1 11 13 13 8 
1 10 11 9 7 
1 7 13 7 10 
1 9 9 7 9 
1 13 12 12 13 
1 8 13 10 9 
1 8 7 13 13 
1 7 7 13 10 
1 12 7 11 10 
1 9 11 11 12 
1 11 9 11 11 
1 9 8 9 11 
1 13 12 9 9 
1 7 10 11 7 
1 10 7 11 8 
1 11 7 12 11 
1 11 13 11 9 
1 9 11 7 7 
1 12 12 11 12 
1 10 7 8 7 
1 7 12 9 8 
1 7 10 10 9 
1 10 9 10 13 
1 7 12 11 8 
1 12 8 8 9 
1 9 7 9 13 
1 9 9 8 13 
1 9 8 9 9 
1 8 11 8 11 
1 9 11 7 7 
1 9 12 9 10 
1 9 12 13 9 
1 10 8 13 8 
1 13 11 10 7 
1 9 10 13 10 
1 13 9 8 13 
1 9 10 8 9 
1 13 13 7 9 
1 10 7 11 13 
1 12 7 12 12 
1 9 9 10 10 
1 7 11 7 12 
1 10 8 11 11 
1 10 10 12 11 
1 11 11 11 8 
1 12 12 7 12 
1 7 12 10 9 
1 8 7 10 8 
1 12 11 8 13 
1 9 11 10 12 
1 11 13 8 8 
1 8 12 9 12 
1 11 8 11 9 
1 13 12 9 11 
1 7 11 11 11 
1 10 11 13 8 
1 10 10 9 13 
1 12 11 9 7 
1 7 8 8 10 
1 13 10 12 7 
1 7 10 12 10 
1 10 10 9 12 
1 7 13 7 9 
1 8 11 11 13 
1 13 10 12 11 
1 7 7 7 10 
1 8 7 7 7 
1 10 11 9 8 
1 10 7 7 9 
1 12 9 7 8 
1 11 12 8 11 
1 7 7 8 9 
1 13 7 8 9 
1 9 11 12 9 
1 11 9 11 7 
1 11 9 10 9 
1 9 8 9 7 
1 11 9 8 9 
1 8 11 10 8 
1 9 12 13 7 
1 11 11 7 10 
1 8 13 7 12 
1 12 11 10 10 
1 11 11 9 9 
1 10 8 13 11 
1 9 13 11 7 
1 7 12 11 7 
1 9 7 12 7 
1 8 9 12 13 
1 13 7 7 10 
1 7 10 11 7 
1 13 10 13 11 
1 11 11 12 8 
1 10 7 12 8 
1 8 13 13 13 
1 9 13 9 10 
1 7 9 8 9 
1 8 10 13 8 
1 9 11 7 13 
1 13 9 12 11 
1 8 7 11 9 
1 11 12 9 10 
1 13 8 11 7 
1 10 9 10 11 
1 8 12 8 12 
1 8 11 11 9 
1 7 9 12 7 
1 10 8 10 13 
1 8 12 12 11 
1 12 13 11 8 
1 13 11 11 9 
1 13 9 9 12 
1 7 10 10 10 
1 7 7 7 8 
1 12 12 7 13 
1 13 8 8 8 
1 9 11 12 12 
1 12 11 12 11 
1 13 10 11 9 
1 8 10 9 10 
1 11 9 11 12 
1 12 9 9 11 
1 10 10 10 13 
1 12 9 13 9 
1 10 10 10 11 
1 7 7 10 7 
1 12 13 13 13 
1 11 10 9 11 
1 11 8 9 12 
1 8 13 12 7 
1 12 9 7 11 
1 12 12 12 10 
1 9 7 12 8 
1 7 9 10 8 
1 11 10 7 8 
1 10 8 11 13 
1 7 12 8 10 
1 13 13 10 13 
1 7 9 11 12 
1 11 13 13 13 
1 13 7 13 12 
1 8 10 8 13 
1 7 9 13 10 
1 10 13 9 11 
1 12 11 8 10 
1 12 7 9 11 
1 10 11 7 11 
1 12 10 8 11 
1 8 12 12 10 
1 13 11 11 13 
1 7 7 9 12 
1 11 7 8 11 
1 10 8 10 13 
1 9 13 12 13 
1 13 13 12 13 
1 9 10 9 11 
1 12 13 8 7 
1 11 10 8 9 
1 7 7 7 13 
1 11 13 10 11 
1 10 12 13 11 
1 9 13 9 7 
1 12 7 13 7 
1 10 8 10 8 
1 13 10 9 8 
1 12 10 7 10 
1 9 10 9 10 
1 13 7 8 12 
1 10 13 7 7 
1 10 13 7 11 
1 9 11 11 9 
1 10 12 8 10 
1 9 8 12 11 
1 7 12 9 10 
1 9 8 9 13 
1 9 7 11 7 
1 10 11 10 10 
1 12 11 12 7 
1 8 7 10 11 
1 13 7 9 9 
1 10 13 7 9 
1 13 11 13 7 
1 10 10 7 7 
1 7 8 8 7 
1 12 8 12 10 
1 11 13 9 11 
1 9 7 10 9 
1 13 7 13 13 
1 8 7 10 10 
1 13 11 8 13 
1 8 9 7 9 
1 13 10 9 12 
1 9 9 10 12 
1 11 9 8 13 
1 13 13 11 10 
1 12 12 7 8 
1 10 7 8 9 
1 13 8 13 12 
1 7 8 10 13 
1 9 11 7 11 
1 7 10 12 8 
1 13 12 11 10 
1 13 13 9 7 
1 13 9 11 8 
1 10 7 13 9 
1 9 9 13 13 
1 9 7 11 13 
1 9 10 11 9 
1 9 7 12 12 
1 12 10 12 9 
1 7 8 8 8 
1 13 13 8 8 
1 10 7 9 7 
1 12 11 9 13 
1 13 11 10 11 
1 8 13 13 7 
1 8 13 7 12 
1 7 12 10 8 
1 11 13 9 9 
1 7 7 8 8 
1 11 11 13 9 
1 10 12 11 11 
1 13 9 9 9 
1 7 7 7 12 
1 7 12 8 10 
1 13 8 7 11 
1 11 13 7 13 
1 8 13 12 13 
1 13 7 11 7 
1 10 7 13 8 
1 9 12 8 11 
1 8 13 9 11 
1 12 7 12 10 
1 8 10 9 10 
1 8 9 12 12 
1 8 12 7 11 
1 13 8 12 9 
1 8 8 11 11 
1 11 8 8 10 
1 13 8 10 8 
1 13 9 10 8 
1 7 10 9 10 
1 9 13 9 10 
1 8 10 11 8 
1 11 10 13 8 
1 7 7 11 9 
1 9 12 11 10 
1 11 12 8 7 
1 12 13 10 11 
1 10 9 13 7 
1 11 9 11 7 
1 11 9 8 10 
1 11 13 11 9 
1 13 10 7 10 
1 10 11 10 7 
1 10 10 12 12 
1 9 8 11 11 
1 11 12 13 7 
1 13 7 9 12 
1 7 13 13 11 
1 8 7 9 13 
1 12 13 9 13 
1 10 8 11 13 
1 8 10 10 9 
1 9 7 7 10 
1 11 7 12 10 
1 10 13 7 13 
1 8 9 13 12 
1 10 13 12 7 
1 11 7 8 7 
1 8 8 9 12 
1 11 7 9 12 
1 7 7 8 8 
1 12 8 13 9 
1 12 8 10 10 
1 12 12 8 9 
1 8 10 9 9 
1 8 13 9 8 
1 10 10 10 7 
1 13 13 8 9 
1 13 12 7 10 
1 13 11 9 11 
1 13 8 8 11 
1 7 11 8 12 
1 10 12 9 13 
1 11 10 9 8 
1 7 7 10 10 
1 7 11 11 9 
1 9 9 8 12 
1 12 8 13 8 
1 9 8 10 13 
1 9 12 10 13 
1 7 11 9 13 
1 11 10 9 9 
2 11 37 18 36 
2 23 5 36 31 
2 19 10 27 4 
2 23 32 13 7 
2 10 30 38 13 
2 24 38 14 15 
2 9 7 18 20 
2 15 26 17 27 
2 16 9 28 9 
2 15 4 12 5 
2 24 35 37 2 
2 15 24 14 13 
2 36 18 7 11 
2 19 38 4 32 
2 9 18 8 26 
2 19 18 13 31 
2 11 11 36 18 
2 19 2 18 10 
2 28 27 23 16 
2 31 20 37 31 
2 4 11 38 17 
2 13 36 29 8 
2 29 9 34 16 
2 20 31 9 11 
2 36 30 24 16 
2 16 38 18 4 
2 27 4 31 28 
2 34 17 13 14 
2 29 39 27 12 
2 33 32 7 37 
2 9 5 15 17 
2 34 17 5 39 
2 2 36 16 27 
2 5 12 31 16 
2 7 15 3 10 
2 28 11 12 12 
2 10 37 28 5 
2 11 16 5 21 
2 12 27 39 11 
2 2 6 28 3 
2 24 17 34 33 
2 27 27 16 35 
2 21 25 14 11 
2 35 10 18 6 
2 20 20 29 34 
2 23 27 21 36 
2 24 9 15 4 
2 38 22 33 18 
2 33 30 4 23 
2 14 6 3 9 
2 38 30 18 24 
2 3 36 15 4 
2 18 23 10 13 
2 6 26 12 37 
2 19 23 24 7 
2 17 31 8 30 
2 38 24 27 27 
2 39 13 30 32 
2 34 9 31 3 
2 15 32 3 16 
2 36 11 37 22 
2 21 14 27 19 
2 26 17 24 22 
2 23 9 37 31 
2 6 17 17 24 
2 4 23 3 6 
2 9 33 9 8 
2 3 33 6 29 
2 39 4 5 31 
2 14 2 12 8 
2 30 21 11 39 
2 3 6 25 36 
2 4 34 39 38 
2 32 21 38 6 
2 38 2 8 37 
2 5 31 38 11 
2 18 18 18 11 
2 27 2 30 14 
2 30 9 9 39 
2 24 24 17 19 
2 21 16 12 3 
2 9 7 20 30 
2 3 27 39 27 
2 3 22 25 16 
2 36 22 38 3 
2 19 12 33 31 
2 31 36 16 32 
2 30 25 11 24 
2 6 38 14 10 
2 38 18 39 30 
2 37 7 17 10 
2 4 24 10 30 
2 4 5 19 9 
2 26 7 21 25 
2 19 37 35 16 
2 32 33 16 30 
2 7 38 5 39 
2 2 13 9 9 
2 7 24 34 4 
2 37 18 7 36 
2 31 11 15 35 
2 39 8 13 33 
2 28 3 38 32 
2 8 36 18 13 
2 7 16 27 34 
2 39 2 9 26 
2 16 17 35 5 
2 29 34 37 27 
2 38 29 20 14 
2 29 39 35 26 
2 32 18 19 34 
2 17 7 31 32 
2 13 25 18 30 
2 14 33 21 3 
2 15 28 22 29 
2 31 26 5 17 
2 29 26 14 22 
2 33 21 7 22 
2 34 37 16 29 
2 21 33 17 31 
2 28 24 9 2 
2 11 3 12 16 
2 4 34 19 13 
2 29 39 7 16 
2 7 2 20 21 
2 18 39 35 23 
2 2 2 37 29 
2 9 36 4 24 
2 5 2 28 31 
2 31 21 15 4 
2 4 38 6 38 
2 17 23 3 31 
2 36 13 18 4 
2 5 13 15 38 
2 14 8 10 32 
2 30 3 8 10 
2 20 5 8 19 
2 28 34 38 13 
2 35 28 9 37 
2 32 37 28 16 
2 30 20 33 29 
2 33 16 6 27 
2 8 22 33 5 
2 31 17 9 35 
2 20 24 31 26 
2 35 10 28 11 
2 16 33 10 8 
2 12 30 30 7 
2 20 2 25 4 
2 18 17 18 16 
2 6 34 36 4 
2 17 14 26 14 
2 39 39 32 14 
2 3 10 33 12 
2 39 13 14 3 
2 26 8 34 27 
2 31 8 9 18 
2 31 36 36 32 
2 7 13 7 12 
2 22 27 39 13 
2 10 15 31 21 
2 38 27 4 39 
2 3 23 3 13 
2 35 22 18 30 
2 15 3 21 36 
2 10 31 38 33 
2 3 23 17 17 
2 33 28 7 2 
2 13 33 16 14 
2 9 19 15 37 
2 37 10 34 20 
2 28 13 9 18 
2 28 23 16 26 
2 25 21 23 24 
2 27 7 30 31 
2 16 38 29 14 
2 13 31 24 39 
2 6 29 32 36 
2 10 15 20 6 
2 12 32 23 26 
2 35 32 18 22 
2 19 13 19 21 
2 4 16 6 35 
2 33 26 37 13 
2 37 14 31 16 
2 34 27 19 22 
2 33 20 29 36 
2 11 5 14 26 
2 10 15 24 22 
2 9 26 30 22 
2 24 4 25 35 
2 31 26 33 11 
2 20 32 24 9 
2 3 6 6 31 
2 12 17 3 10 
2 2 34 2 32 
2 2 11 10 28 
2 11 27 36 34 
2 13 22 13 29 
2 5 7 16 29 
2 23 28 24 19 
2 26 8 23 30 
2 26 14 12 34 
2 5 20 20 7 
2 20 16 39 5 
2 35 34 18 37 
2 29 11 38 17 
2 38 14 25 9 
2 30 25 17 4 
2 34 28 2 35 
2 28 23 14 27 
2 19 38 36 36 
2 7 7 13 24 
2 20 27 6 31 
2 30 19 28 26 
2 19 15 14 27 
2 32 15 38 20 
2 36 31 26 18 
2 5 4 6 38 
2 22 25 23 37 
2 32 3 34 31 
2 10 11 11 25 
2 35 39 18 37 
2 2 16 36 6 
2 33 21 4 15 
2 35 35 3 38 
2 8 18 34 5 
2 33 5 6 24 
2 34 30 20 14 
2 10 4 38 8 
2 23 24 33 2 
2 25 34 26 5 
2 36 31 31 10 
2 32 24 35 32 
2 3 16 33 34 
2 2 7 25 12 
2 35 29 33 23 
2 20 32 10 27 
2 22 30 25 6 
2 17 38 33 31 
2 12 10 8 26 
2 22 33 9 11 
2 10 20 29 37 
2 24 9 8 19 
2 28 34 10 2 
2 39 17 6 29 
2 14 15 18 32 
2 36 24 15 22 
2 29 13 10 16 
2 21 13 9 27 
2 22 25 35 37 
2 19 16 10 17 
2 4 5 35 35 
2 17 14 14 22 
2 11 20 22 10 
2 23 13 5 27 
2 16 30 25 28 
2 20 26 9 30 
2 30 19 28 34 
2 21 3 21 17 
2 28 22 10 26 
2 23 18 6 22 
2 27 37 21 23 
2 27 19 7 20 
2 36 13 31 24 
2 21 15 18 32 
2 10 24 11 25 
2 11 25 8 33 
2 31 36 26 37 
2 16 18 24 28 
2 32 32 13 21 
2 38 13 31 29 
2 14 15 30 16 
2 23 29 34 26 
2 35 36 4 18 
2 31 30 11 31 
2 25 24 10 29 
2 24 35 4 26 
2 20 34 25 27 
2 20 33 7 7 
2 21 37 15 14 
2 23 21 30 20 
2 28 3 38 39 
2 7 8 2 28 
2 11 24 20 34 
2 25 31 28 6 
2 22 32 17 25 
2 27 12 11 2 
2 30 29 4 8 
2 30 39 36 35 
2 6 34 31 10 
2 37 10 35 23 
2 9 39 35 16 
2 20 38 35 11 
2 30 16 4 3 
2 16 25 27 36 
2 6 32 4 14 
2 37 37 25 11 
2 16 12 19 31 
2 34 37 22 14 
2 7 17 39 13 
2 9 33 33 36 
2 31 15 17 14 
2 25 16 19 8 
2 32 19 24 2 
2 35 37 15 24 
2 21 20 36 29 
2 30 12 19 17 
2 18 11 2 32 
2 13 7 14 18 
2 26 4 20 28 
2 10 22 35 12 
2 20 16 34 16 
2 15 27 34 5 
2 12 4 18 17 
2 32 23 17 36 
2 27 32 22 17 
2 27 24 26 31 
2 36 35 7 13 
2 15 11 31 39 
2 33 24 8 24 
2 15 31 26 14 
2 12 20 15 18 
2 31 19 22 29 
2 18 4 23 30 
2 6 13 39 29 
2 8 9 35 20 
2 17 20 32 25 
2 31 2 21 25 
2 20 13 35 10 
2 9 27 3 2 
2 29 37 39 17 
2 33 14 3 20 
2 17 11 39 6 
2 9 39 35 25 
2 4 16 32 30 
2 38 26 8 38 
2 38 29 31 9 
2 20 30 22 21 
2 4 11 5 15 
2 17 36 3 4 
2 11 22 12 34 
2 20 11 5 8 
2 29 9 35 19 
2 19 31 11 6 
2 2 31 22 39 
2 4 35 13 36 
2 16 16 38 13 
2 8 5 23 14 
2 39 18 23 12 
2 16 2 18 12 
2 12 4 37 10 
2 21 28 19 7 
2 18 14 9 19 
2 26 37 4 7 
2 11 22 2 31 
2 21 20 4 22 
2 35 4 8 4 
2 13 23 22 36 
2 12 10 32 35 
2 18 39 10 13 
2 37 29 38 35 
2 3 15 2 26 
2 34 30 6 12 
2 3 27 39 25 
2 32 28 9 16 
2 30 10 5 16 
2 36 5 4 15 
2 39 36 2 31 
2 24 31 35 23 
2 20 12 14 6 
2 2 6 27 34 
2 3 25 32 3 
2 36 2 16 4 
2 29 37 5 6 
2 11 12 27 15 
2 16 18 27 14 
2 15 32 38 36 
2 16 32 23 9 
2 8 29 27 33 
2 38 9 3 34 
2 29 26 23 29 
2 28 15 12 24 
2 4 20 26 38 
2 26 4 29 39 
2 19 13 13 18 
2 23 5 24 2 
2 2 12 37 2 
2 3 39 11 14 
2 22 37 8 16 
2 20 3 30 2 
2 14 37 35 26 
2 11 31 16 24 
2 32 22 24 25 
2 12 22 17 3 
2 33 7 19 37 
2 13 10 25 26 
2 32 31 7 31 
2 20 26 13 38 
2 16 28 34 25 
2 16 16 25 39 
2 10 15 29 32 
2 23 12 25 24 
2 24 5 7 8 
2 34 19 33 11 
2 17 23 26 18 
2 30 28 6 24 
2 18 11 9 35 
2 30 19 26 36 
2 18 28 18 26 
2 26 2 35 10 
2 32 17 29 4 
2 11 34 32 7 
2 25 32 39 35 
2 34 7 39 23 
2 39 15 6 6 
2 33 8 20 37 
2 34 38 2 25 
2 16 20 37 5 
2 2 34 33 28 
2 34 14 36 36 
2 25 21 17 5 
2 7 35 33 6 
2 10 19 13 7 
2 31 18 34 14 
2 20 5 35 9 
2 12 7 8 23 
2 26 14 37 36 
2 21 27 7 2 
2 23 34 12 20 
2 5 6 11 18 
2 8 37 2 18 
2 17 16 30 19 
2 12 33 4 14 
2 18 25 2 11 
2 3 37 3 10 
2 29 6 11 34 
2 8 33 21 18 
2 23 4 7 11 
2 10 12 27 25 
2 31 34 38 15 
2 5 31 32 38 
2 20 3 11 28 
2 11 24 15 38 
2 11 18 2 3 
2 33 12 39 34 
2 24 13 35 23 
2 15 18 24 2 
2 8 15 36 11 
2 31 38 18 7 
2 9 16 17 2 
2 36 14 26 32 
2 9 33 22 7 
2 21 31 13 14 
2 13 25 6 23 
2 20 36 26 2 
2 37 28 30 27 
2 19 12 23 17 
2 5 2 27 21 
2 21 3 32 9 
2 33 30 39 36 
2 21 34 26 21 
2 25 10 9 16 
2 8 39 7 19 
2 23 27 39 39 
2 23 6 27 11 
2 31 24 23 7 
2 27 6 39 26 
2 22 39 35 16 
2 26 19 6 32 
2 9 14 10 31 
2 10 31 3 9 
2 39 16 7 20 
2 30 26 5 24 
2 39 6 2 2 
2 5 4 21 31 
2 32 15 7 30 
2 19 26 12 30 
2 36 27 26 24 
2 30 23 28 34 
2 24 14 19 4 
2 39 25 12 7 
2 27 25 3 9 
2 24 23 12 22 
2 10 37 39 36 
2 16 17 24 7 
2 26 7 11 3 
2 7 6 20 8 
2 21 25 23 33 
2 21 6 28 14 
2 17 16 34 39 
2 20 20 38 2 
2 21 33 3 10 
2 18 19 27 39 
2 30 9 21 36 
2 16 14 22 10 
2 29 25 30 6 
2 35 35 36 38 
2 25 15 23 24 
2 17 32 9 15 
2 8 20 37 27 
2 13 17 31 2 
2 17 38 2 7 
2 30 38 33 21 
2 24 6 26 35 
2 22 15 2 39 
2 10 21 20 6 
2 26 39 18 5 
2 32 13 29 19 
2 39 38 11 12 
2 22 8 24 39 
2 8 23 39 38 
2 25 9 39 36 
2 11 23 2 39 
2 33 7 5 37 
2 3 16 39 21 
2 20 2 17 15 
2 25 2 2 27 
2 22 16 23 37 
2 32 35 17 23 
2 31 10 8 26 
2 30 24 4 29 
2 12 7 30 24 
2 5 18 27 27 
2 29 2 5 31 
2 32 37 20 29 
2 22 23 21 26 
2 5 30 3 28 
2 31 38 11 29 
2 14 18 23 13 
2 28 8 27 38 
2 23 5 24 25 
2 7 2 22 11 
2 38 38 26 7 
2 21 35 19 31 
2 5 11 15 8 
2 32 30 15 14 
2 24 33 29 11 
2 7 5 27 17 
2 8 7 39 22 
2 19 28 10 26 
2 7 18 2 12 
2 20 29 17 32 
2 35 35 3 23 
2 7 39 15 13 
2 5 18 27 33 
2 17 32 12 11 
2 23 35 38 15 
2 21 7 39 28 
2 30 9 39 26 
2 14 7 16 35 
2 29 27 39 5 
2 35 13 15 38 
2 26 26 3 16 
2 15 35 16 4 
2 28 2 34 16 
2 15 14 27 16 
2 29 12 17 5 
2 27 36 9 38 
2 22 18 11 7 
2 35 30 38 12 
2 28 29 2 39 
2 2 23 37 11 
2 18 21 19 27 
2 38 11 22 38 
2 27 32 17 36 
2 10 27 36 26 
2 9 20 19 7 
2 7 28 17 29 
2 2 4 36 32 
2 34 3 35 10 
2 13 28 20 28 
2 25 24 20 8 
2 31 31 26 7 
2 8 20 3 28 
2 33 27 18 36 
2 14 29 39 16 
2 10 10 15 29 
2 18 8 36 9 
2 30 9 9 39 
2 10 2 33 17 
2 34 2 36 34 
2 32 30 5 36 
2 35 38 6 16 
2 4 9 25 13 
2 13 37 4 16 
2 30 7 2 29 
2 21 4 29 19 
2 11 32 23 13 
2 27 6 11 22 
2 35 18 35 34 
2 29 6 18 33 
2 13 29 29 38 
2 19 30 14 6 
2 14 32 37 34 
2 37 19 38 33 
2 35 24 28 14 
2 11 23 22 33 
2 37 22 29 17 
2 14 31 31 26 
2 6 26 38 22 
2 12 2 15 31 
2 15 13 6 35 
2 39 6 32 33 
2 20 15 27 23 
2 25 38 35 39 
2 37 16 34 15 
2 38 4 3 39 
2 30 9 30 17 
2 19 23 6 7 
2 23 7 13 17 
2 11 35 23 13 
2 5 28 20 3 
2 29 4 35 29 
2 37 27 24 16 
2 23 10 4 2 
2 9 26 33 33 
2 21 31 9 33 
2 6 19 2 11 
2 10 16 9 32 
2 39 22 38 39 
2 4 31 16 35 
2 8 14 11 16 
2 10 39 33 14 
2 22 38 3 39 
2 4 7 26 20 
2 12 29 17 29 
2 16 33 5 14 
2 31 19 12 8 
2 21 9 29 12 
2 14 28 35 20 
2 32 26 33 38 
2 39 27 8 27 
2 6 38 31 10 
2 16 30 16 5 
2 34 10 8 35 
2 12 17 11 27 
2 21 11 6 10 
2 18 14 34 7 
2 25 10 8 15 
2 11 18 6 21 
2 24 5 4 7 
2 36 37 7 25 
2 26 13 26 12 
2 15 11 30 31 
2 7 12 13 15 
2 5 22 12 25 
2 3 37 17 37 
2 6 16 5 30 
2 16 7 33 32 
2 21 30 28 13 
2 29 18 34 3 
2 3 36 3 13 
2 16 35 37 32 
2 12 36 37 20 
2 3 21 14 12 
2 31 19 15 10 
2 37 10 26 33 
2 11 12 26 23 
2 4 16 2 18 
2 32 23 3 16 
2 35 29 30 3 
2 18 3 2 34 
2 35 33 37 4 
2 25 22 34 24 
2 15 12 11 12 
2 11 11 39 23 
2 8 18 22 18 
2 21 6 30 14 
2 9 14 19 37 
2 19 8 39 16 
2 2 10 28 37 
2 29 19 25 10 
2 30 6 10 8 
2 32 6 30 32 
2 36 14 2 20 
2 34 30 31 5 
2 35 16 24 34 
2 2 9 31 28 
2 12 11 3 16 
2 16 31 24 36 
2 15 39 30 31 
2 39 22 3 13 
2 27 3 38 4 
2 15 14 36 31 
2 29 30 24 6 
2 9 27 13 12 
2 31 21 34 11 
2 12 13 23 19 
2 35 37 31 37 
2 13 13 25 4 
2 11 12 28 4 
2 33 26 20 31 
2 32 29 39 34 
2 13 7 19 9 
2 20 22 12 32 
2 8 23 22 9 
2 20 11 9 27 
2 16 4 36 11 
2 11 25 19 6 
2 5 10 25 5 
2 33 7 13 12 
2 26 7 13 18 
2 32 38 35 3 
2 3 16 3 15 
2 2 38 4 3 
2 25 10 7 25 
2 39 31 11 36 
2 21 23 32 35 
2 5 13 20 26 
2 28 10 6 23 
2 11 38 10 27 
2 10 23 21 7 
2 12 12 2 33 
2 22 5 18 22 
2 3 26 17 9 
2 29 32 19 24 
2 23 2 6 12 
2 27 9 25 2 
2 15 31 2 10 
2 34 10 5 23 
2 2 38 6 10 
2 6 4 28 24 
2 10 13 16 22 
2 6 4 7 23 
2 4 22 10 35 
2 14 10 24 8 
2 27 9 5 34 
2 10 22 29 12 
2 35 33 15 9 
2 31 30 35 34 
2 15 35 20 33 
2 34 31 30 18 
2 7 2 4 14 
2 17 34 30 13 
2 37 9 13 35 
2 3 35 24 20 
2 22 23 39 18 
2 28 33 24 8 
2 21 30 37 4 
2 20 5 35 25 
2 10 14 17 7 
2 34 8 37 11 
2 34 22 34 3 
2 18 32 26 39 
2 10 29 15 15 
2 10 38 19 4 
2 29 31 32 26 
2 5 18 6 23 
2 2 39 37 26 
2 16 2 25 6 
2 31 30 14 29 
2 4 12 21 5 
2 6 23 3 6 
2 30 17 22 19 
2 13 37 38 17 
2 8 22 7 24 
2 8 32 33 21 
2 33 8 2 21 
2 13 26 28 18 
2 25 19 9 17 
2 4 14 21 12 
2 33 33 33 31 
2 32 28 11 21 
2 2 33 24 22 
2 27 23 19 21 
2 4 31 2 15 
2 15 5 33 31 
2 12 30 16 18 
2 31 11 29 9 
2 7 33 32 3 
2 19 5 26 25 
2 26 17 23 34 
2 4 33 5 33 
2 22 36 35 32 
2 4 19 9 30 
2 26 22 20 24 
2 13 22 35 21 
2 5 39 33 9 
2 29 8 27 29 
2 37 24 31 12 
2 8 13 20 3 
2 28 16 23 22 
2 25 38 17 29 
2 6 21 11 21 
2 39 30 27 17 
2 36 11 6 3 
2 17 14 28 25 
2 9 20 13 2 
2 8 7 12 33 
2 9 9 5 9 
2 16 27 11 33 
2 11 5 20 16 
2 5 3 28 3 
2 11 22 32 26 
2 8 36 39 6 
2 31 6 27 37 
2 31 19 38 11 
2 29 21 5 24 
2 28 17 5 26 
2 12 26 25 29 
2 20 2 28 2 
2 37 18 5 14 
2 29 10 38 19 
2 9 21 2 31 
2 2 29 12 30 
2 19 16 27 22 
2 10 9 7 4 
2 26 20 36 8 
2 27 4 26 16 
2 7 31 35 13 
2 13 3 25 14 
2 21 28 10 33 
2 9 11 19 36 
2 28 32 9 28 
2 9 22 7 20 
2 22 39 21 2 
2 5 8 17 33 
2 24 33 6 14 
2 7 11 32 5 
2 2 13 33 15 
2 23 23 23 13 
2 33 9 7 23 
2 20 18 4 26 
2 37 33 4 31 
2 19 26 13 22 
2 3 19 30 32 
2 31 25 35 10 
2 27 2 19 19 
2 39 27 12 14 
2 2 13 13 16 
2 36 39 14 3 
2 11 38 31 21 
2 33 32 38 17 
2 31 21 31 14 
2 38 14 19 11 
2 4 34 16 34 
2 24 39 16 28 
2 13 4 23 8 
2 22 36 38 37 
2 27 4 28 35 
2 18 14 4 15 
2 6 34 35 16 
2 5 33 36 5 
2 25 30 13 32 
2 9 21 25 13 
2 2 10 17 34 
2 5 12 21 12 
2 22 19 6 6 
2 9 4 13 8 
2 9 27 21 28 
2 9 36 35 31 
2 23 3 34 33 
2 32 3 8 27 
2 3 30 19 27 
2 37 15 27 19 
2 37 3 30 28 
2 13 18 20 10 
2 25 19 27 26 
2 23 39 37 5 
2 36 37 6 26 
2 3 7 32 19 
2 3 27 26 29 
2 37 14 18 12 
2 17 32 2 39 
2 23 37 25 4 
2 17 14 34 4 
2 18 36 3 33 
2 3 32 22 39 
2 11 25 7 5 
2 18 24 24 2 
2 27 16 22 37 
2 38 27 27 37 
2 28 10 23 12 
2 28 20 11 31 
2 15 13 30 10 
2 9 22 8 2 
2 24 16 28 39 
2 29 21 25 6 
2 39 13 27 27 
2 27 37 9 16 
2 5 8 32 34 
2 5 3 38 33 
2 32 4 22 12 
2 3 3 10 36 
2 13 21 19 3 
2 36 17 31 34 
2 26 14 28 10 
2 18 7 4 17 
2 15 29 23 9 
2 13 5 11 20 
2 20 32 14 27 
2 28 11 20 3 
2 5 23 26 20 
2 19 8 6 13 
2 17 34 27 12 
2 12 9 20 15 
2 19 3 28 7 
2 8 18 2 24 
2 20 28 37 22 
2 15 18 10 26 
2 29 24 27 3 
2 9 20 4 5 
2 24 5 19 2 
2 13 27 16 20 
2 37 31 10 34 
2 37 22 35 10 
2 5 27 17 29 
2 17 4 26 26 
2 10 20 32 18 
2 21 11 6 18 
2 32 5 36 39 
2 30 20 38 36 
2 10 28 13 39 
2 26 31 7 29 
2 23 35 25 34 
2 38 5 16 32 
2 9 38 10 21 
2 7 28 28 6 
2 25 17 27 21 
2 38 7 21 3 
2 19 19 16 35 
2 21 37 20 28 
2 8 11 39 10 
2 35 28 3 4 
2 36 21 35 20 
2 13 5 3 32 
2 24 16 10 12 
2 4 8 29 32 
2 15 18 15 2 
2 5 29 35 34 
2 2 9 31 24 
2 10 30 39 28 
2 34 21 14 26 
2 28 26 28 5 
2 9 9 13 17 
2 13 32 37 4 
2 23 37 31 8 
2 21 10 20 2 
2 9 16 20 32 
2 7 18 36 10 
2 33 7 28 17 
2 18 38 35 21 
2 19 21 33 18 
2 3 8 21 37 
2 16 28 22 27 
2 23 33 28 5 
2 20 7 18 4 
2 33 36 22 27 
2 38 28 33 9 
2 30 34 24 6 
2 19 20 22 25 
2 17 32 23 31 
2 15 25 12 17 
2 23 22 13 36 
2 35 30 8 14 
2 3 26 13 26 
2 11 3 11 9 
2 39 36 17 36 
2 20 30 5 24 
2 14 21 21 32 
2 14 30 13 20 
2 36 29 8 12 
2 13 24 18 14 
2 9 9 27 28 
2 15 30 36 15 
2 24 13 30 17 
2 19 20 27 6 
2 33 6 21 21 
2 30 3 25 16 
2 20 31 5 9 
2 15 35 21 31 
2 11 14 18 25 
2 35 39 16 26 
2 34 22 12 4 
2 38 25 38 15 
2 28 17 30 14 
2 15 18 12 26 
2 22 15 27 23 
2 8 14 21 36 
2 36 34 9 28 
2 3 3 16 33 
2 18 19 16 24 
2 6 25 21 7 
2 25 9 4 33 
2 8 9 14 33 
2 34 6 32 9 
2 11 32 6 25 
2 14 21 30 37 
2 26 3 19 17 
2 7 22 10 25 
2 2 17 7 7 
2 10 11 29 11 
2 33 39 12 14 
2 26 28 7 21 
2 27 13 8 24 
2 18 7 4 18 
2 18 10 31 10 
2 37 26 23 13 
3 67 14 43 69 
3 22 53 13 23 
3 52 33 63 35 
3 40 57 25 50 
3 43 38 47 22 
3 18 56 36 50 
3 69 6 67 60 
3 51 21 11 66 
3 68 60 11 43 
3 15 69 47 64 
3 14 21 26 43 
3 15 16 53 62 
3 44 55 6 54 
3 60 19 68 66 
3 11 23 42 63 
3 8 65 10 6 
3 62 65 36 40 
3 6 29 55 56 
3 58 20 23 10 
3 44 66 64 59 
3 24 67 42 49 
3 24 27 29 36 
3 23 21 7 30 
3 8 43 12 63 
3 24 38 29 67 
3 33 6 12 8 
3 32 36 30 10 
3 41 22 34 49 
3 25 19 66 15 
3 13 24 24 34 
3 17 10 67 33 
3 27 28 57 53 
3 58 51 30 69 
3 9 8 22 54 
3 40 14 24 50 
3 45 22 69 41 
3 22 47 55 22 
3 66 17 28 68 
3 33 60 69 16 
3 42 28 58 48 
3 12 48 17 52 
3 38 43 63 12 
3 58 26 45 11 
3 31 8 14 43 
3 55 31 49 16 
3 33 15 18 17 
3 48 52 54 52 
3 27 51 55 57 
3 53 36 28 27 
3 32 55 44 18 
3 62 16 68 28 
3 41 53 40 61 
3 36 42 23 68 
3 17 26 34 17 
3 36 57 61 20 
3 23 40 23 23 
3 32 25 39 63 
3 32 51 7 15 
3 29 56 6 45 
3 50 37 57 41 
3 69 25 17 59 
3 58 58 51 12 
3 38 21 67 56 
3 7 68 66 19 
3 50 21 27 42 
3 12 40 56 11 
3 61 25 26 7 
3 34 31 41 54 
3 66 52 9 60 
3 68 55 45 11 
3 31 14 48 41 
3 17 15 34 52 
3 20 33 31 35 
3 14 30 39 14 
3 8 60 41 49 
3 33 45 33 44 
3 67 67 36 15 
3 23 24 57 21 
3 53 45 43 46 
3 31 17 28 66 
3 46 69 28 50 
3 12 29 59 33 
3 36 41 27 51 
3 23 21 9 20 
3 49 14 13 60 
3 27 38 63 50 
3 18 58 29 15 
3 23 18 27 69 
3 40 8 58 32 
3 48 45 28 11 
3 59 40 23 21 
3 44 32 8 53 
3 50 29 42 12 
3 56 42 38 43 
3 28 61 45 21 
3 35 25 69 6 
3 43 52 32 51 
3 32 21 51 20 
3 51 65 69 32 
3 8 22 7 24 
3 47 55 35 6 
3 22 41 23 7 
3 61 61 68 7 
3 42 48 66 12 
3 29 15 55 54 
3 6 31 40 69 
3 54 59 14 27 
3 20 63 45 67 
3 17 37 33 51 
3 29 46 58 14 
3 28 68 9 45 
3 19 29 59 31 
3 40 34 38 46 
3 9 17 34 36 
3 43 32 26 14 
3 54 35 35 64 
3 62 47 12 25 
3 54 64 54 9 
3 32 24 37 16 
3 8 41 24 8 
3 50 53 22 37 
3 17 52 10 60 
3 57 54 16 66 
3 23 9 16 23 
3 32 29 11 66 
3 7 38 51 63 
3 51 66 64 55 
3 48 28 64 14 
3 37 16 47 34 
3 6 15 7 18 
3 10 6 25 62 
3 32 58 29 14 
3 30 54 7 54 
3 58 41 26 56 
3 60 10 65 42 
3 51 61 28 57 
3 39 58 24 46 
3 16 44 66 48 
3 69 23 29 10 
3 55 62 49 47 
3 31 68 39 59 
3 53 17 19 60 
3 35 55 17 49 
3 57 22 19 18 
3 34 61 57 16 
3 23 17 34 29 
3 18 51 67 47 
3 6 29 54 65 
3 13 13 20 27 
3 34 38 69 20 
3 16 19 23 21 
3 42 45 14 31 
3 61 31 59 16 
3 67 7 16 34 
3 25 32 51 52 
3 51 31 17 13 
3 15 26 53 30 
3 39 47 25 7 
3 43 36 60 29 
3 46 11 52 43 
3 32 41 6 54 
3 60 22 52 6 
3 66 39 22 33 
3 40 11 44 26 
3 13 51 51 10 
3 46 54 54 30 
3 28 51 39 18 
3 46 56 46 59 
3 51 34 65 11 
3 42 6 53 17 
3 54 16 20 63 
3 12 42 47 48 
3 47 32 54 41 
3 30 65 69 31 
3 11 8 65 58 
3 16 59 36 25 
3 30 20 21 22 
3 54 31 60 11 
3 27 35 20 21 
3 7 68 66 23 
3 29 40 37 66 
3 31 25 46 20 
3 33 43 50 31 
3 61 30 61 12 
3 9 69 41 31 
3 6 40 48 61 
3 26 40 63 43 
3 65 33 11 24 
3 63 20 40 30 
3 25 6 24 69 
3 68 35 33 9 
3 30 39 34 29 
3 28 62 38 47 
3 67 42 58 46 
3 28 38 60 10 
3 33 9 53 58 
3 61 44 41 68 
3 52 15 43 57 
3 29 57 54 62 
3 25 31 58 18 
3 63 7 52 13 
3 22 46 65 38 
3 7 38 52 56 
3 17 67 38 6 
3 63 56 13 60 
3 24 62 17 56 
3 21 53 26 8 
3 24 14 46 54 
3 26 40 58 65 
3 37 57 46 46 
3 68 48 14 63 
3 57 25 6 67 
3 45 64 63 15 
3 45 25 47 10 
3 18 31 53 47 
3 65 60 37 14 
3 21 41 33 20 
3 26 22 41 13 
3 60 12 51 39 
3 63 17 63 57 
3 48 12 37 67 
3 27 41 48 56 
3 62 63 46 57 
3 62 48 8 36 
3 25 17 16 13 
3 28 11 25 11 
3 22 66 11 55 
3 12 52 54 48 
3 46 35 39 34 
3 10 54 57 8 
3 64 29 46 48 
3 54 52 63 63 
3 12 42 47 52 
3 18 34 38 49 
3 57 25 61 55 
3 8 9 22 49 
3 16 14 46 52 
3 34 8 53 69 
3 63 64 29 27 
3 16 14 49 39 
3 24 58 40 18 
3 38 33 58 6 
3 15 26 50 47 
3 27 26 68 67 
3 63 21 34 64 
3 12 38 10 52 
3 37 49 34 67 
3 54 7 6 37 
3 35 10 33 46 
3 63 17 58 18 
3 63 13 17 40 
3 46 45 43 46 
3 34 64 42 14 
3 46 26 32 31 
3 25 56 37 47 
3 15 39 39 64 
3 23 33 66 16 
3 69 58 17 29 
3 49 58 67 41 
3 39 12 49 59 
3 32 22 46 38 
3 49 42 32 13 
3 67 29 15 39 
3 67 53 60 64 
3 27 9 52 64 
3 32 35 37 48 
3 13 41 47 58 
3 48 61 62 49 
3 35 33 24 17 
3 62 31 50 7 
3 11 40 8 52 
3 58 59 44 46 
3 22 8 31 7 
3 56 21 30 18 
3 59 34 62 36 
3 47 8 59 24 
3 18 39 14 22 
3 60 64 61 20 
3 25 32 55 28 
3 28 63 32 16 
3 50 39 42 44 
3 53 25 37 12 
3 35 44 24 46 
3 14 55 16 56 
3 20 49 56 61 
3 18 23 42 60 
3 21 14 69 41 
3 17 10 64 49 
3 22 46 61 56 
3 63 53 34 37 
3 45 16 36 32 
3 52 16 36 26 
3 19 7 63 14 
3 42 42 32 7 
3 39 58 25 35 
3 66 36 51 22 
3 42 37 66 50 
3 63 49 60 37 
3 65 22 11 67 
3 8 29 32 69 
3 54 49 11 18 
3 43 67 8 62 
3 55 44 28 17 
3 21 20 33 9 
3 22 19 30 34 
3 27 23 27 20 
3 7 6 52 30 
3 52 36 43 66 
3 37 54 67 17 
3 60 40 10 40 
3 46 44 54 59 
3 51 36 51 17 
3 66 66 60 16 
3 60 45 41 59 
3 40 39 7 57 
3 31 46 46 24 
3 8 31 15 17 
3 7 33 13 14 
3 50 65 14 41 
3 69 26 17 55 
3 22 56 66 69 
3 11 61 11 33 
3 49 66 17 15 
3 8 52 24 28 
3 51 56 57 54 
3 44 53 12 36 
3 49 63 34 65 
3 58 62 24 8 
3 46 13 44 14 
3 22 32 15 16 
3 18 42 59 47 
3 11 61 6 57 
3 40 51 56 42 
3 69 14 26 51 
3 33 27 15 57 
3 22 28 39 33 
3 15 37 50 11 
3 53 7 18 28 
3 42 44 20 65 
3 58 66 65 49 
3 14 28 47 50 
3 35 21 29 30 
3 59 54 63 39 
3 19 25 23 25 
3 20 15 69 31 
3 13 64 32 9 
3 33 17 69 12 
3 61 11 48 10 
3 14 57 9 20 
3 48 17 64 46 
3 41 23 27 18 
3 23 63 15 55 
3 39 18 14 18 
3 8 18 33 30 
3 31 33 54 24 
3 61 31 59 14 
3 14 19 44 26 
3 19 12 40 42 
3 18 8 11 66 
3 11 20 56 67 
3 47 53 53 45 
3 13 7 60 35 
3 13 36 14 46 
3 32 7 11 69 
3 55 49 64 11 
3 51 12 64 26 
3 29 15 54 63 
3 24 33 57 69 
3 20 65 33 55 
3 67 37 26 32 
3 17 33 54 21 
3 16 11 8 54 
3 49 29 46 48 
3 58 26 46 6 
3 52 53 69 18 
3 36 46 59 6 
3 61 62 59 56 
3 20 53 34 30 
3 20 34 22 21 
3 51 51 25 41 
3 37 29 29 16 
3 15 62 26 55 
3 62 65 31 66 
3 25 67 38 14 
3 20 52 42 57 
3 39 63 61 36 
3 63 45 21 55 
3 51 6 38 38 
3 57 58 55 51 
3 26 64 46 52 
3 35 61 44 23 
3 30 39 33 35 
3 64 42 23 64 
3 36 11 18 58 
3 56 11 27 66 
3 55 14 25 54 
3 23 60 33 34 
3 67 40 15 6 
3 11 47 22 25 
3 26 36 20 15 
3 41 42 42 24 
3 51 32 10 41 
3 41 68 17 62 
3 38 17 24 32 
3 37 43 69 35 
3 50 61 39 52 
3 30 33 67 17 
3 55 64 40 25 
3 55 58 10 6 
3 60 8 13 56 
3 56 31 31 52 
3 42 24 11 44 
3 13 15 11 65 
3 15 8 30 6 
3 68 25 27 7 
3 28 68 69 9 
3 19 35 31 20 
3 39 9 66 47 
3 15 38 44 43 
3 42 43 27 34 
3 54 47 27 65 
3 66 17 28 68 
3 38 32 7 65 
3 49 55 18 40 
3 35 44 18 9 
3 28 44 17 23 
3 21 31 33 43 
3 14 18 47 11 
3 7 20 27 45 
3 51 32 8 55 
3 42 61 47 9 
3 30 35 56 61 
3 16 31 11 45 
3 68 56 35 54 
3 50 19 37 60 
3 62 20 49 47 
3 42 6 54 12 
3 11 61 10 38 
3 57 58 58 38 
3 11 14 30 17 
3 67 67 49 9 
3 69 55 32 23 
3 14 10 33 39 
3 34 58 6 20 
3 6 13 18 38 
3 48 48 11 25 
3 60 29 16 33 
3 32 65 45 42 
3 34 31 45 36 
3 8 47 48 63 
3 17 12 61 51 
3 34 13 24 68 
3 67 49 24 68 
3 11 64 51 25 
3 25 47 27 64 
3 69 68 13 18 
3 22 60 38 7 
3 54 42 57 56 
3 35 32 32 41 
3 38 18 15 6 
3 9 57 47 45 
3 69 54 41 45 
3 58 56 64 13 
3 35 31 37 17 
3 8 34 69 56 
3 53 46 38 9 
3 44 15 50 15 
3 23 20 19 35 
3 64 46 63 41 
3 68 26 22 29 
3 69 64 42 16 
3 32 26 29 45 
3 31 24 50 65 
3 47 67 29 59 
3 20 34 28 48 
3 27 26 10 33 
3 16 24 50 65 
3 50 52 33 50 
3 36 14 63 16 
3 37 60 31 48 
3 66 40 20 41 
3 10 51 6 20 
3 67 30 6 17 
3 27 43 31 11 
3 34 63 46 60 
3 54 11 51 51 
3 62 43 39 21 
3 27 15 16 33 
3 27 24 20 57 
3 48 69 11 30 
3 33 14 23 60 
3 64 16 56 38 
3 28 43 27 34 
3 55 40 51 40 
3 58 32 11 39 
3 40 25 27 9 
3 17 49 25 56 
3 8 64 17 33 
3 23 57 56 56 
3 48 17 62 60 
3 39 36 34 60 
3 31 20 10 26 
3 66 51 19 15 
3 54 35 38 47 
3 12 59 12 46 
3 58 45 67 36 
3 11 38 17 13 
3 21 54 24 20 
3 44 49 43 17 
3 21 21 32 16 
3 61 44 38 20 
3 43 52 25 27 
3 52 62 20 36 
3 46 20 6 47 
3 38 30 9 68 
3 22 7 46 54 
3 17 27 29 41 
3 65 51 28 18 
3 19 21 45 62 
3 49 22 29 22 
3 49 65 26 33 
3 11 61 69 10 
3 17 41 8 35 
3 26 11 42 43 
3 64 42 32 12 
3 11 56 38 40 
3 44 52 15 21 
3 47 15 26 38 
3 43 14 69 45 
3 59 47 38 62 
3 50 15 55 53 
3 11 11 50 58 
3 31 38 30 67 
3 27 42 40 27 
3 48 19 53 34 
3 12 40 55 22 
3 10 43 62 16 
3 38 51 17 17 
3 51 24 62 63 
3 16 15 46 43 
3 24 22 60 21 
3 25 19 7 50 
3 7 56 6 45 
3 50 41 28 43 
3 54 33 45 19 
3 50 18 47 14 
3 59 11 68 11 
3 17 31 7 7 
3 17 68 37 11 
3 45 57 46 54 
3 26 43 43 60 
3 8 26 51 47 
3 23 56 57 61 
3 8 17 40 58 
3 49 49 50 32 
3 54 67 36 20 
3 52 54 63 43 
3 63 37 67 45 
3 15 54 12 25 
3 54 66 33 41 
3 21 55 11 23 
3 16 59 35 31 
3 63 18 47 7 
3 39 66 47 29 
3 40 53 50 64 
3 55 30 46 33 
3 15 32 16 11 
3 36 43 17 33 
3 25 40 10 39 
3 50 23 9 68 
3 12 54 36 7 
3 12 37 13 39 
3 21 9 39 15 
3 62 46 24 26 
3 67 48 32 27 
3 58 27 41 32 
3 9 17 31 55 
3 23 44 65 50 
3 64 37 56 40 
3 13 53 40 60 
3 35 57 6 34 
3 58 27 41 30 
3 17 47 35 15 
3 32 27 17 45 
3 15 59 49 15 
3 37 67 52 48 
3 67 38 20 50 
3 18 55 40 35 
3 58 15 54 64 
3 21 46 8 55 
3 35 37 66 49 
3 63 51 50 16 
3 17 46 41 53 
3 6 36 10 6 
3 61 67 32 46 
3 67 54 53 37 
3 66 17 32 49 
3 53 47 30 45 
3 31 25 36 9 
3 61 42 52 18 
3 57 49 47 51 
3 32 23 42 60 
3 22 66 67 35 
3 9 57 53 9 
3 35 8 43 62 
3 68 38 18 6 
3 47 21 50 29 
3 67 10 62 58 
3 46 14 42 17 
3 29 36 60 27 
3 54 44 38 25 
3 10 7 19 23 
3 69 60 64 46 
3 40 26 13 12 
3 58 31 20 56 
3 58 25 57 16 
3 23 11 66 21 
3 36 18 41 42 
3 6 9 48 25 
3 47 41 53 23 
3 17 53 6 9 
3 11 21 54 6 
3 40 64 49 31 
3 8 32 12 29 
3 30 49 32 9 
3 28 43 25 50 
3 44 32 10 42 
3 33 39 68 18 
3 45 58 38 23 
3 20 29 54 61 
3 32 64 49 28 
3 23 39 32 39 
3 42 8 44 52 
3 47 53 51 57 
3 17 58 27 20 
3 7 9 39 15 
3 66 20 8 33 
3 43 59 53 56 
3 12 39 61 53 
3 13 54 28 57 
3 35 24 13 31 
3 68 57 32 9 
3 30 32 12 32 
3 8 23 6 22 
3 57 12 19 47 
3 56 55 26 63 
3 19 61 61 53 
3 20 20 41 24 
3 49 40 44 17 
3 67 62 8 42 
3 57 24 69 21 
3 14 24 11 48 
3 56 40 47 7 
3 35 24 14 26 
3 29 9 24 33 
3 19 11 47 14 
3 60 66 49 18 
3 20 14 17 34 
3 12 42 45 59 
3 64 21 28 36 
3 41 48 6 51 
3 20 40 56 18 
3 18 20 55 67 
3 50 33 21 34 
3 44 44 67 42 
3 31 47 38 59 
3 62 32 45 27 
3 69 22 33 58 
3 51 46 61 58 
3 51 45 65 46 
3 27 38 66 34 
3 24 31 68 29 
3 41 47 10 34 
3 12 42 45 61 
3 54 65 44 60 
3 7 35 67 59 
3 61 40 63 36 
3 40 48 16 55 
3 30 7 32 7 
3 47 12 35 69 
3 27 19 48 65 
3 67 7 15 46 
3 30 20 19 38 
3 45 68 41 46 
3 49 39 50 58 
3 27 57 14 52 
3 68 63 57 57 
3 30 50 27 36 
3 43 31 26 16 
3 45 14 51 24 
3 29 34 9 33 
3 31 64 61 27 
3 54 51 62 67 
3 52 16 34 45 
3 53 21 54 64 
3 13 23 19 66 
3 63 29 50 22 
3 48 7 66 66 
3 27 51 55 54 
3 69 32 36 10 
3 52 20 12 8 
3 28 60 54 42 
3 26 19 63 36 
3 36 68 52 37 
3 65 19 32 27 
3 53 57 35 53 
3 64 14 68 44 
3 8 45 8 68 
3 19 18 68 15 
3 57 6 47 52 
3 25 63 59 46 
3 12 65 38 23 
3 23 10 12 39 
3 37 45 63 56 
3 52 61 25 12 
3 14 44 17 16 
3 59 52 13 34 
3 53 54 55 18 
3 28 34 19 37 
3 43 22 16 32 
3 43 10 29 67 
3 38 43 61 19 
3 31 6 30 28 
3 64 40 39 55 
3 20 68 16 9 
3 54 20 54 12 
3 9 67 47 18 
3 42 11 26 6 
3 35 27 59 54 
3 34 59 6 14 
3 41 50 58 38 
3 6 40 48 64 
3 6 8 52 10 
3 38 40 19 43 
3 10 44 53 59 
3 49 39 46 19 
3 41 68 15 8 
3 63 37 66 50 
3 58 9 22 50 
3 9 51 23 51 
3 57 9 34 47 
3 43 58 55 53 
3 6 35 16 42 
3 41 52 49 15 
3 36 14 65 65 
3 39 48 24 6 
3 58 19 25 6 
3 47 18 66 24 
3 21 14 65 64 
3 47 17 10 53 
3 37 49 38 39 
3 56 56 14 64 
3 59 65 56 42 
3 65 37 49 18 
3 18 24 44 44 
3 34 13 26 56 
3 67 33 58 67 
3 25 54 51 48 
3 14 30 32 56 
3 8 60 43 48 
3 24 37 29 11 
3 53 12 52 31 
3 40 31 54 44 
3 8 44 6 26 
3 41 8 53 66 
3 17 49 26 48 
3 43 50 37 39 
3 64 7 48 38 
3 34 66 23 42 
3 42 45 10 52 
3 37 49 32 12 
3 11 55 46 6 
3 49 12 25 68 
3 63 10 40 60 
3 35 53 30 60 
3 7 35 6 43 
3 65 32 15 17 
3 10 16 26 26 
3 50 22 18 22 
3 18 53 60 69 
3 65 53 14 18 
3 11 9 69 29 
3 30 46 50 61 
3 7 22 21 6 
3 29 6 44 7 
3 60 61 13 23 
3 53 22 51 18 
3 68 47 22 30 
3 67 11 62 51 
3 29 53 24 26 
3 68 38 10 52 
3 39 41 68 63 
3 30 61 23 21 
3 40 59 11 53 
3 24 56 43 6 
3 11 45 36 25 
3 29 22 15 47 
3 29 23 10 59 
3 62 37 13 40 
3 15 36 59 30 
3 45 13 56 65 
3 54 19 59 59 
3 66 6 36 60 
3 14 55 15 63 
3 57 29 41 14 
3 51 55 66 8 
3 50 51 36 34 
3 38 15 36 44 
3 48 62 54 22 
3 15 13 69 50 
3 27 6 67 59 
3 53 21 62 23 
3 62 41 53 25 
3 7 29 41 10 
3 9 24 55 41 
3 22 49 36 48 
3 16 23 58 25 
3 25 49 19 33 
3 10 65 51 12 
3 40 14 27 41 
3 20 66 26 23 
3 65 17 39 8 
3 43 27 45 69 
3 7 20 38 50 
3 53 34 43 20 
3 61 6 10 16 
3 57 63 26 53 
3 15 43 11 61 
3 35 48 65 16 
3 10 26 35 10 
3 65 6 46 62 
3 31 62 16 59 
3 8 37 50 14 
3 36 22 21 8 
3 15 8 32 65 
3 18 53 56 28 
3 18 59 18 13 
3 8 66 69 25 
3 49 31 36 29 
3 7 56 10 18 
3 47 41 54 15 
3 52 39 26 15 
3 52 35 46 53 
3 25 49 10 13 
3 11 42 52 21 
3 37 15 55 60 
3 37 47 53 41 
3 39 10 61 63 
3 20 54 32 32 
3 23 66 65 48 
3 16 26 44 27 
3 13 42 41 25 
3 54 6 16 48 
3 7 10 30 59 
3 67 61 9 43 
3 39 59 17 11 
3 29 20 24 8 
3 51 47 51 48 
3 11 51 65 58 
3 20 39 59 7 
3 57 23 13 39 
3 24 58 37 31 
3 53 19 9 41 
3 48 21 45 61 
3 52 10 69 15 
3 50 53 24 25 
3 14 55 22 26 
3 23 47 43 31 
3 61 37 20 65 
3 62 41 49 47 
3 34 55 28 45 
3 40 30 58 29 
3 64 33 15 62 
3 58 30 23 50 
3 63 45 18 68 
3 63 11 31 41 
3 42 56 12 6 
3 35 29 45 51 
3 50 50 43 63 
3 57 31 31 52 
3 41 34 32 28 
3 53 48 24 67 
3 7 31 30 63 
3 50 67 64 46 
3 41 23 30 63 
3 46 31 63 52 
3 12 12 30 37 
3 9 32 69 9 
3 23 18 29 49 
3 10 52 69 21 
3 15 19 33 19 
3 26 31 53 53 
3 32 12 50 51 
3 7 55 15 56 
3 26 13 28 41 
3 66 41 19 36 
3 49 60 49 69 
3 33 50 68 47 
3 61 18 68 9 
3 30 39 38 6 
3 56 29 47 42 
3 22 45 6 10 
3 67 61 14 19 
3 10 65 50 13 
3 33 39 66 33 
3 34 50 61 25 
3 58 36 47 40 
3 37 34 61 42 
3 26 19 62 44 
3 66 9 12 47 
3 47 35 27 41 
3 11 50 10 13 
3 15 26 56 12 
3 53 59 25 28 
3 47 17 9 56 
3 25 25 31 40 
3 44 54 6 66 
3 53 18 8 49 
3 6 8 44 53 
3 44 66 66 43 
3 33 30 60 15 
3 66 23 63 63 
3 67 33 58 66 
3 33 20 55 8 
3 24 13 48 51 
3 23 17 35 23 
3 49 52 40 62 
3 21 58 67 48 
3 64 59 54 49 
3 49 12 25 10 
3 29 27 44 12 
3 37 27 43 19 
3 69 34 35 8 
3 14 15 69 41 
3 22 47 56 13 
3 46 33 52 34 
3 20 57 13 58 
3 42 35 12 6 
3 39 9 68 33 
3 13 54 35 16 
3 27 59 8 8 
3 67 17 20 48 
3 30 65 68 41 
3 31 65 62 12 
3 69 32 41 50 
3 21 35 66 58 
3 8 49 45 6 
3 65 44 8 7 
3 65 33 6 59 
3 30 34 59 51 
3 49 49 51 26 
3 16 32 8 51 
3 60 55 52 34 
3 27 22 35 46 
3 40 27 13 69 
3 41 6 66 64 
3 33 28 6 41 
3 8 9 32 59 
3 56 8 46 40 
3 41 8 59 33 
3 31 7 19 17 
3 34 66 22 42 
3 47 17 12 37 
3 45 13 56 68 
3 34 51 48 27 
3 39 13 44 14 
3 25 15 28 28 
3 18 63 63 29 
3 24 24 49 7 
3 19 49 68 55 
3 69 26 19 47 
3 53 6 19 26 
3 44 48 43 24 
3 36 55 6 54 
3 62 11 38 61 
3 51 13 59 47 
3 13 50 52 13 
3 23 41 21 28 
3 18 61 10 41 
3 41 60 58 11 
3 39 25 32 40 
3 40 15 22 59 
3 13 7 51 20 
3 52 60 23 32 
3 40 29 68 42 
3 20 51 48 34 
3 62 67 24 29 
3 50 54 22 30 
3 59 55 54 20 
3 26 29 6 35 
3 48 10 44 39 
3 62 18 61 54 
3 15 32 10 38 
3 52 22 61 16 
3 49 52 37 19 
3 54 59 15 27 
3 17 18 22 35 
3 33 40 60 56 
3 14 27 57 64 
4 39 51 28 68 
4 51 29 38 49 
4 64 33 63 72 
4 38 74 34 45 
4 72 25 38 44 
4 31 37 28 75 
4 60 30 35 26 
4 40 26 75 32 
4 69 29 27 41 
4 56 59 54 56 
4 73 38 65 57 
4 32 69 45 53 
4 63 44 57 66 
4 37 75 40 38 
4 41 69 69 49 
4 43 59 44 43 
4 28 34 60 61 
4 35 25 75 60 
4 71 63 27 29 
4 26 61 44 36 
4 54 67 41 68 
4 31 61 34 72 
4 61 58 57 60 
4 58 38 42 39 
4 72 46 62 46 
4 35 73 33 48 
4 53 27 42 75 
4 67 46 43 66 
4 38 62 37 36 
4 36 61 60 32 
4 45 71 63 74 
4 40 45 35 53 
4 37 73 69 51 
4 56 53 72 27 
4 56 30 47 37 
4 50 38 66 29 
4 55 25 43 39 
4 29 45 52 27 
4 38 56 73 40 
4 30 45 49 31 
4 59 46 38 32 
4 53 63 65 73 
4 30 72 25 44 
4 30 60 69 38 
4 30 27 25 52 
4 67 28 54 54 
4 28 63 44 63 
4 68 72 49 70 
4 37 75 75 57 
4 58 30 25 31 
4 46 75 34 27 
4 61 51 43 71 
4 37 65 53 31 
4 34 60 46 54 
4 65 41 36 28 
4 50 43 56 31 
4 60 43 31 48 
4 58 27 25 44 
4 38 39 31 29 
4 54 61 44 50 
4 34 61 64 40 
4 45 29 43 41 
4 69 42 50 32 
4 25 44 27 75 
4 62 38 59 61 
4 45 36 47 68 
4 34 43 43 46 
4 74 55 58 69 
4 75 37 43 51 
4 69 63 43 47 
4 73 67 64 75 
4 47 69 57 51 
4 64 70 30 57 
4 65 28 33 35 
4 26 37 70 57 
4 61 36 33 39 
4 53 69 27 41 
4 25 26 31 48 
4 53 67 26 62 
4 49 52 72 60 
4 58 49 66 55 
4 65 64 35 44 
4 75 74 35 75 
4 39 44 27 43 
4 30 55 74 72 
4 42 50 54 42 
4 29 71 36 36 
4 65 41 61 66 
4 74 40 33 57 
4 48 65 66 37 
4 54 31 35 67 
4 59 61 35 59 
4 58 71 35 59 
4 49 74 41 68 
4 60 58 36 44 
4 36 74 47 30 
4 59 56 51 71 
4 72 43 74 53 
4 33 66 64 58 
4 49 51 58 29 
4 54 44 66 26 
4 28 28 57 36 
4 70 32 71 39 
4 32 73 39 35 
4 28 60 55 62 
4 46 47 65 49 
4 46 55 36 32 
4 42 73 60 73 
4 53 25 64 58 
4 44 34 53 27 
4 26 49 53 33 
4 26 51 57 29 
4 63 43 33 53 
4 36 40 60 27 
4 41 57 42 55 
4 28 69 40 48 
4 57 69 28 64 
4 36 71 64 66 
4 37 66 71 70 
4 69 59 26 60 
4 58 71 44 46 
4 60 74 61 60 
4 35 50 69 46 
4 71 72 33 59 
4 33 26 54 40 
4 51 59 62 44 
4 54 37 36 47 
4 66 61 38 38 
4 27 59 69 56 
4 65 62 29 36 
4 63 71 48 35 
4 42 28 32 30 
4 40 28 60 66 
4 38 59 26 27 
4 66 49 56 74 
4 52 35 68 75 
4 51 25 63 48 
4 51 57 42 70 
4 73 48 38 33 
4 39 47 42 31 
4 27 31 60 49 
4 50 64 50 72 
4 56 31 61 64 
4 67 71 72 48 
4 50 64 27 49 
4 25 75 31 63 
4 29 69 70 57 
4 68 75 25 50 
4 39 39 68 30 
4 43 62 57 30 
4 75 72 53 38 
4 26 48 72 56 
4 61 42 37 40 
4 71 70 66 41 
4 42 41 68 31 
4 57 73 34 69 
4 56 60 46 34 
4 55 50 61 25 
4 35 53 61 25 
4 28 59 72 65 
4 64 55 39 38 
4 51 59 75 74 
4 32 26 33 39 
4 69 39 52 64 
4 29 25 25 41 
4 75 40 32 48 
4 46 37 57 62 
4 72 32 60 64 
4 28 74 54 37 
4 31 48 72 50 
4 67 61 63 69 
4 68 36 73 33 
4 74 70 66 64 
4 71 57 28 60 
4 54 61 38 38 
4 36 39 38 32 
4 41 69 74 68 
4 60 30 31 53 
4 26 56 28 41 
4 74 65 53 43 
4 48 51 43 71 
4 67 38 66 66 
4 50 35 72 55 
4 29 35 66 47 
4 56 63 64 63 
4 35 40 64 60 
4 59 75 71 33 
4 57 38 57 29 
4 50 30 34 65 
4 38 35 47 66 
4 64 75 50 43 
4 65 42 38 28 
4 66 28 37 42 
4 60 72 63 44 
4 53 55 31 56 
4 46 35 60 73 
4 44 68 40 53 
4 42 64 58 30 
4 44 43 38 40 
4 57 68 61 43 
4 33 38 54 55 
4 43 34 33 47 
4 65 38 74 51 
4 44 68 73 46 
4 64 74 31 52 
4 37 51 47 48 
4 53 30 48 44 
4 25 58 49 74 
4 34 68 73 57 
4 70 48 66 55 
4 41 64 32 68 
4 63 67 66 71 
4 31 37 53 34 
4 61 63 46 26 
4 73 26 63 55 
4 45 74 53 51 
4 38 67 50 38 
4 56 51 35 74 
4 45 71 41 37 
4 64 74 70 61 
4 35 70 47 54 
4 56 55 75 71 
4 75 48 40 59 
4 68 39 34 73 
4 56 61 37 68 
4 71 41 26 28 
4 32 53 57 72 
4 39 42 51 73 
4 58 37 53 49 
4 44 44 58 27 
4 45 63 62 72 
4 75 66 65 56 
4 37 26 38 74 
4 62 29 61 65 
4 74 27 32 42 
4 34 43 61 62 
4 45 26 33 62 
4 25 36 61 65 
4 40 37 28 42 
4 51 28 48 41 
4 25 68 75 67 
4 58 67 42 73 
4 31 63 44 50 
4 25 31 59 75 
4 62 55 74 69 
4 53 52 55 69 
4 29 67 65 25 
4 63 39 27 59 
4 32 36 70 64 
4 37 42 38 35 
4 36 51 67 30 
4 41 53 68 53 
4 37 63 57 27 
4 61 48 25 46 
4 26 70 71 36 
4 51 52 29 37 
4 55 36 41 37 
4 61 56 49 31 
4 31 65 46 73 
4 38 65 70 33 
4 42 42 64 28 
4 60 70 40 72 
4 59 66 40 41 
4 39 30 39 46 
4 38 73 57 69 
4 68 75 34 59 
4 55 74 53 27 
4 29 39 29 48 
4 40 36 46 42 
4 41 53 52 67 
4 73 53 42 44 
4 54 52 30 27 
4 38 26 55 46 
4 51 25 68 36 
4 60 73 52 73 
4 55 62 51 47 
4 62 63 30 75 
4 48 44 49 72 
4 54 25 41 54 
4 74 34 58 40 
4 58 55 74 39 
4 31 26 54 25 
4 41 36 35 74 
4 58 54 71 25 
4 50 41 67 59 
4 56 54 32 45 
4 30 59 27 34 
4 58 57 66 67 
4 62 63 48 75 
4 34 31 60 33 
4 34 62 38 46 
4 62 53 59 73 
4 70 42 48 40 
4 67 31 60 67 
4 72 74 36 61 
4 44 63 30 29 
4 57 60 34 62 
4 40 59 37 61 
4 68 72 73 43 
4 45 33 25 48 
4 46 36 71 42 
4 61 39 51 59 
4 37 46 27 36 
4 75 32 38 74 
4 45 54 65 68 
4 56 39 73 27 
4 60 67 69 74 
4 64 59 62 56 
4 27 44 49 48 
4 75 53 60 66 
4 31 50 30 74 
4 70 61 64 37 
4 64 55 39 38 
4 43 70 38 25 
4 71 73 34 52 
4 52 29 71 44 
4 48 65 75 71 
4 71 37 26 75 
4 45 36 25 67 
4 28 57 38 28 
4 47 74 34 54 
4 46 56 41 39 
4 26 64 46 52 
4 49 34 39 31 
4 61 45 32 58 
4 69 43 51 42 
4 66 57 39 40 
4 54 40 30 75 
4 43 45 48 54 
4 30 46 50 73 
4 73 43 29 52 
4 73 52 41 28 
4 60 34 57 61 
4 65 36 67 46 
4 69 64 72 55 
4 29 71 43 49 
4 67 32 27 55 
4 48 74 65 75 
4 40 64 32 38 
4 45 75 60 69 
4 57 33 30 65 
4 60 45 44 56 
4 71 35 69 48 
4 66 71 39 67 
4 48 72 64 60 
4 26 36 49 39 
4 59 54 52 29 
4 67 29 63 28 
4 52 66 58 64 
4 58 63 40 39 
4 31 49 25 68 
4 53 27 67 65 
4 35 52 49 25 
4 72 45 26 54 
4 69 68 56 27 
4 67 61 28 27 
4 40 59 41 56 
4 69 69 68 55 
4 52 36 61 43 
4 60 64 61 49 
4 68 64 73 43 
4 70 51 28 51 
4 53 34 61 38 
4 53 74 71 32 
4 29 39 30 46 
4 55 31 29 58 
4 75 27 38 61 
4 34 68 38 44 
4 51 44 45 33 
4 33 40 75 33 
4 63 35 31 52 
4 39 37 39 54 
4 47 61 74 75 
4 32 33 33 47 
4 56 26 70 63 
4 28 66 53 72 
4 56 62 75 53 
4 33 39 67 46 
4 66 27 52 41 
4 67 33 41 44 
4 36 26 40 61 
4 72 70 28 43 
4 48 68 68 25 
4 74 46 46 43 
4 47 31 70 36 
4 67 62 70 58 
4 68 68 58 33 
4 54 34 46 29 
4 54 66 49 56 
4 73 73 69 58 
4 41 32 64 55 
4 53 37 64 70 
4 53 72 33 52 
4 33 62 56 26 
4 69 40 56 39 
4 52 48 34 53 
4 26 59 67 73 
4 62 66 70 49 
4 67 30 39 41 
4 30 27 68 54 
4 71 75 68 26 
4 65 30 60 33 
4 36 26 52 28 
4 38 72 70 27 
4 72 62 54 74 
4 47 57 34 45 
4 75 45 47 30 
4 50 48 50 44 
4 61 59 73 41 
4 43 44 74 28 
4 50 38 71 48 
4 43 42 50 61 
4 45 32 49 34 
4 40 47 74 68 
4 30 62 63 75 
4 55 40 68 57 
4 29 71 45 35 
4 59 73 28 56 
4 61 36 64 57 
4 29 57 63 55 
4 50 25 59 60 
4 30 45 59 58 
4 41 66 62 62 
4 49 35 34 30 
4 72 53 55 31 
4 26 71 63 53 
4 57 55 52 68 
4 61 53 51 31 
4 48 26 66 38 
4 62 27 72 26 
4 54 45 64 57 
4 33 51 50 45 
4 47 55 45 32 
4 69 58 25 56 
4 70 33 58 26 
4 57 31 44 58 
4 25 44 73 38 
4 57 57 54 30 
4 34 36 37 35 
4 69 70 49 27 
4 61 46 56 48 
4 60 40 27 65 
4 48 33 46 37 
4 38 31 59 69 
4 54 64 58 61 
4 67 60 58 68 
4 63 53 25 28 
4 40 37 27 73 
4 31 51 50 73 
4 52 66 61 53 
4 31 68 35 33 
4 33 54 45 71 
4 74 71 44 40 
4 48 50 72 33 
4 37 58 41 49 
4 64 37 41 47 
4 45 67 64 28 
4 54 40 57 63 
4 49 52 62 32 
4 71 40 38 62 
4 42 25 28 68 
4 60 57 66 69 
4 47 43 74 44 
4 61 40 29 59 
4 28 69 54 50 
4 26 63 30 54 
4 75 51 62 34 
4 36 69 33 37 
4 32 42 55 40 
4 40 46 48 56 
4 71 72 29 65 
4 27 32 69 39 
4 26 57 26 48 
4 61 43 32 34 
4 70 31 69 44 
4 67 55 37 63 
4 32 57 42 63 
4 30 73 38 47 
4 30 36 67 71 
4 43 63 71 34 
4 49 57 62 45 
4 75 29 46 29 
4 40 59 63 75 
4 55 55 65 69 
4 50 34 29 71 
4 54 53 62 67 
4 41 29 42 29 
4 39 42 29 38 
4 72 45 59 69 
4 42 60 44 58 
4 58 51 74 46 
4 73 37 42 35 
4 30 64 55 34 
4 33 69 33 31 
4 54 68 57 39 
4 26 46 26 40 
4 62 50 43 27 
4 66 59 55 35 
4 34 51 27 63 
4 68 59 30 60 
4 64 36 52 54 
4 50 39 49 53 
4 43 45 35 55 
4 68 38 54 71 
4 30 49 61 65 
4 50 40 46 44 
4 74 54 73 30 
4 71 38 53 33 
4 55 68 29 63 
4 34 48 45 37 
4 44 32 52 66 
4 31 44 39 58 
4 28 46 54 53 
4 55 30 42 66 
4 72 54 58 67 
4 63 61 64 43 
4 75 50 68 25 
4 25 41 63 36 
4 60 75 26 39 
4 41 29 41 47 
4 73 47 68 49 
4 46 45 30 71 
4 66 72 50 46 
4 57 46 56 71 
4 35 75 70 38 
4 37 51 30 44 
4 62 66 52 54 
4 47 73 34 55 
4 44 30 39 40 
4 64 36 56 27 
4 33 54 67 72 
4 68 29 30 41 
4 69 62 63 55 
4 65 52 38 26 
4 61 29 70 42 
4 28 39 75 66 
4 72 56 31 47 
4 31 72 51 74 
4 70 47 49 57 
4 65 35 25 50 
4 42 56 68 37 
4 57 28 35 42 
4 61 63 42 72 
4 71 59 53 62 
4 44 27 54 45 
4 48 31 31 41 
4 36 75 32 72 
4 47 48 63 36 
4 71 75 58 53 
4 41 56 29 72 
4 29 65 57 64 
4 60 51 48 65 
4 70 29 39 45 
4 43 33 49 55 
4 34 61 28 41 
4 66 43 48 60 
4 29 41 50 26 
4 74 71 40 63 
4 53 59 72 75 
4 39 45 73 71 
4 49 71 42 62 
4 25 34 66 36 
4 58 55 43 75 
4 27 34 26 75 
4 42 27 63 65 
4 39 48 73 32 
4 60 70 68 39 
4 27 62 73 42 
4 45 61 40 43 
4 58 28 53 27 
4 43 31 33 36 
4 67 72 75 28 
4 68 53 34 33 
4 52 52 66 44 
4 68 48 50 52 
4 25 34 56 63 
4 67 33 60 71 
4 55 74 69 61 
4 42 68 26 75 
4 48 44 29 40 
4 33 69 25 52 
4 30 61 45 55 
4 35 46 45 40 
4 37 57 42 34 
4 37 26 49 54 
4 62 41 55 41 
4 72 39 73 44 
4 64 30 65 45 
4 60 47 71 74 
4 47 39 44 66 
4 65 41 53 62 
4 43 67 33 56 
4 72 52 52 40 
4 29 42 65 69 
4 42 75 44 31 
4 36 73 38 27 
4 32 39 28 34 
4 26 41 33 75 
4 49 60 44 55 
4 56 59 69 67 
4 50 71 39 53 
4 32 73 59 35 
4 54 53 65 29 
4 66 48 69 38 
4 52 44 27 75 
4 48 58 44 45 
4 48 33 40 43 
4 39 71 44 29 
4 45 73 49 26 
4 30 44 37 29 
4 50 51 25 39 
4 57 51 59 72 
4 63 64 45 46 
4 73 71 65 64 
4 61 39 31 30 
4 64 51 70 50 
4 72 73 48 26 
4 32 32 31 34 
4 38 27 44 42 
4 43 35 74 45 
4 74 50 31 28 
4 60 74 48 35 
4 30 59 35 27 
4 25 37 64 52 
4 35 58 70 74 
4 27 49 35 52 
4 70 34 34 29 
4 62 48 60 43 
4 36 31 34 60 
4 29 46 52 59 
4 64 74 62 52 
4 53 31 56 32 
4 31 46 25 75 
4 35 70 25 28 
4 36 56 31 47 
4 29 44 52 45 
4 44 61 75 36 
4 49 61 50 52 
4 37 65 74 55 
4 51 46 59 54 
4 50 29 46 38 
4 53 35 68 54 
4 70 74 45 49 
4 40 71 71 75 
4 29 69 69 35 
4 69 50 46 30 
4 41 65 53 70 
4 29 59 48 26 
4 70 48 60 34 
4 56 72 59 41 
4 70 70 32 45 
4 70 35 43 26 
4 43 33 58 65 
4 42 61 58 25 
4 33 59 55 58 
4 27 36 31 53 
4 62 47 71 63 
4 50 45 58 69 
4 27 55 49 29 
4 44 62 60 38 
4 53 37 57 43 
4 51 28 61 65 
4 64 54 59 67 
4 36 57 29 57 
4 38 44 26 57 
4 44 35 34 36 
4 50 37 70 51 
4 47 35 71 43 
4 40 63 49 67 
4 32 50 41 71 
4 71 63 65 25 
4 53 37 71 29 
4 54 60 25 55 
4 51 33 67 63 
4 35 53 72 41 
4 39 28 58 67 
4 31 40 71 42 
4 49 64 46 33 
4 36 69 72 43 
4 27 59 46 34 
4 54 39 37 53 
4 38 73 44 39 
4 75 39 50 40 
4 59 56 44 57 
4 40 55 25 31 
4 46 42 32 41 
4 36 60 51 38 
4 39 65 30 51 
4 49 27 29 56 
4 25 44 66 46 
4 74 31 52 42 
4 50 66 33 56 
4 52 41 70 55 
4 72 26 66 73 
4 58 74 72 61 
4 72 37 58 32 
4 43 73 43 74 
4 37 57 67 38 
4 55 68 70 52 
4 62 73 66 48 
4 64 57 54 38 
4 52 40 75 54 
4 32 47 50 39 
4 61 47 75 73 
4 30 48 65 49 
4 53 56 42 62 
4 33 63 42 53 
4 43 28 66 65 
4 65 39 51 41 
4 41 50 71 29 
4 32 46 25 40 
4 73 26 35 38 
4 72 26 55 30 
4 30 75 70 60 
4 64 55 34 63 
4 52 75 45 29 
4 38 49 60 53 
4 26 32 26 38 
4 72 59 61 57 
4 27 75 30 63 
4 44 57 73 26 
4 30 36 66 68 
4 68 60 31 30 
4 71 63 74 63 
4 32 49 75 46 
4 69 29 49 63 
4 56 52 64 44 
4 75 75 61 26 
4 67 40 49 49 
4 43 50 55 66 
4 36 68 67 61 
4 37 35 32 55 
4 60 27 62 52 
4 62 71 31 58 
4 57 66 44 34 
4 65 51 63 52 
4 25 27 36 70 
4 63 66 74 56 
4 72 46 46 70 
4 45 73 37 61 
4 28 47 36 30 
4 25 49 52 46 
4 62 68 28 45 
4 31 65 57 32 
4 45 44 63 41 
4 63 69 66 32 
4 45 37 74 75 
4 40 43 39 62 
4 33 73 36 52 
4 60 70 47 70 
4 51 52 73 75 
4 58 67 49 57 
4 44 44 25 48 
4 71 35 38 35 
4 46 35 25 28 
4 71 28 25 54 
4 40 71 46 66 
4 46 53 42 40 
4 44 60 49 29 
4 61 45 57 56 
4 32 30 71 31 
4 66 28 56 74 
4 53 33 25 41 
4 42 74 66 54 
4 28 31 49 30 
4 65 31 44 39 
4 29 63 32 71 
4 32 26 30 59 
4 61 56 69 41 
4 34 26 44 75 
4 35 51 72 28 
4 61 62 42 49 
4 69 47 26 60 
4 53 50 71 67 
4 35 55 43 44 
4 44 50 32 60 
4 71 26 36 58 
4 39 68 66 63 
4 56 59 56 38 
4 39 39 73 71 
4 74 34 55 27 
4 52 44 52 43 
4 57 33 74 52 
4 47 70 58 25 
4 46 73 37 44 
4 74 56 40 30 
4 68 55 72 50 
4 42 66 58 44 
4 74 64 35 61 
4 57 36 26 60 
4 31 44 40 52 
4 48 52 66 66 
4 63 25 59 45 
4 33 59 50 40 
4 40 34 59 27 
4 65 40 59 65 
4 39 28 68 72 
4 65 61 68 25 
4 60 34 56 61 
4 53 25 73 62 
4 35 67 61 38 
4 70 29 61 74 
4 60 46 54 65 
4 30 48 50 46 
4 57 47 46 53 
4 28 68 60 44 
4 64 53 57 50 
4 27 60 54 62 
4 47 30 51 56 
4 36 37 50 57 
4 54 39 43 63 
4 66 39 63 49 
4 56 43 41 54 
4 30 70 47 38 
4 26 75 27 25 
4 36 35 75 35 
4 48 75 59 40 
4 42 63 54 34 
4 42 63 32 30 
4 51 27 38 26 
4 56 37 43 58 
4 54 42 59 52 
4 27 74 74 49 
4 50 46 56 72 
4 28 34 63 64 
4 75 27 44 48 
4 33 42 54 57 
4 74 37 31 27 
4 42 50 66 26 
4 40 49 60 73 
4 58 26 75 65 
4 44 51 56 53 
4 70 43 37 58 
4 48 63 54 58 
4 29 54 34 66 
4 70 34 54 70 
4 68 57 47 58 
4 56 41 75 58 
4 55 58 57 48 
4 46 45 68 32 
4 46 39 31 33 
4 60 41 75 68 
4 75 48 75 61 
4 60 45 28 65 
4 27 56 71 55 
4 48 37 64 59 
4 69 73 72 57 
4 65 38 69 56 
4 73 59 41 59 
4 31 45 35 50 
4 53 56 73 55 
4 64 63 64 70 
4 57 73 69 27 
4 68 37 46 46 
4 67 46 38 32 
4 59 55 47 41 
4 54 65 58 36 
4 42 50 71 26 
4 41 52 74 40 
4 32 40 28 63 
4 57 31 71 43 
4 45 35 52 37 
4 33 34 28 45 
4 46 28 26 50 
4 38 44 50 75 
4 48 67 30 32 
4 54 43 48 42 
4 46 46 75 62 
4 72 59 54 75 
4 63 62 48 40 
4 44 66 33 50 
4 68 59 66 37 
4 40 37 29 63 
4 61 68 48 51 
4 28 33 62 45 
4 38 34 41 60 
4 35 57 69 29 
4 34 59 58 61 
4 42 71 44 57 
4 75 59 59 28 
4 40 34 59 49 
4 44 68 40 60 
4 37 54 27 36 
4 45 51 52 67 
4 50 29 37 71 
4 25 60 44 48 
4 59 30 47 62 
4 67 55 33 43 
4 34 49 71 36 
4 66 68 61 54 
4 48 60 57 64 
4 33 28 42 35 
4 58 54 30 69 
4 57 34 52 72 
4 71 27 54 62 
4 49 35 28 71 
4 62 26 48 38 
4 74 55 74 52 
4 70 61 60 30 
4 75 61 54 41 
4 67 61 41 51 
4 27 66 35 44 
4 43 71 73 66 
4 33 52 70 45 
4 51 56 70 71 
4 44 59 25 37 
4 74 39 68 49 
4 67 33 43 27 
4 27 54 61 25 
4 67 25 38 48 
4 58 66 58 63 
4 57 73 64 45 
4 49 57 63 60 
4 58 70 52 66 
4 54 28 36 34 
4 62 44 73 58 
4 32 40 25 36 
4 56 49 61 37 
4 65 74 38 49 
4 37 74 33 69 
4 68 73 26 63 
4 74 42 72 63 
4 40 63 40 39 
4 43 26 43 65 
4 40 27 48 29 
4 55 60 64 58 
4 29 29 40 53 
4 46 74 56 32 
4 62 49 33 71 
4 27 68 63 47 
4 33 28 57 42 
4 71 56 64 75 
4 49 71 61 61 
4 29 70 45 26 
4 59 44 37 59 
4 58 28 71 75 
4 51 30 53 53 
4 39 27 65 31 
4 47 62 57 35 
4 60 45 28 60 
4 25 55 72 44 
4 50 52 35 53 
4 50 53 25 60 
4 53 56 29 50 
4 72 37 28 39 
4 27 40 52 51 
4 62 75 36 63 
4 55 42 69 37 
4 53 40 32 72 
4 36 46 26 45 
4 69 46 49 56 
4 63 63 67 36 
4 53 68 75 65 
4 68 39 59 57 
4 52 54 38 52 
4 51 38 75 42 
4 28 33 47 48 
4 68 27 46 51 
4 45 59 49 53 
4 51 45 52 27 
4 37 45 54 47 
4 39 69 30 73 
4 57 39 51 65 
4 52 59 45 30 
4 42 73 63 54 
4 48 62 31 66 
4 52 32 40 39 
4 58 37 66 66 
4 63 67 54 61 
4 73 64 72 65 
4 56 71 66 41 
4 62 45 42 50 
4 52 69 53 31 
4 36 26 30 54 
4 54 55 35 35 
4 53 60 49 34 
4 30 57 30 37 
4 56 44 72 43 
4 47 37 41 31 
4 40 75 35 48 
4 56 34 61 53 
4 73 64 74 50 
4 55 68 42 44 
4 35 75 52 38 
4 34 68 66 40 
4 54 49 55 42 
4 43 30 62 65 
4 25 65 56 62 
4 68 57 54 47 
4 74 51 55 55 
4 52 37 70 50 
4 31 28 36 50 
4 34 73 38 66 
4 36 74 34 59 
4 75 67 32 32 
4 59 45 70 50 
4 43 75 73 53 
4 34 58 28 43 
4 59 30 71 43 
4 75 33 47 63 
5 68 87 67 61 
5 77 89 57 62 
5 64 85 77 78 
5 88 78 84 64 
5 63 79 63 72 
5 63 89 62 55 
5 57 90 85 72 
5 88 53 75 62 
5 90 92 67 76 
5 59 76 53 74 
5 79 92 89 86 
5 63 56 76 93 
5 57 84 57 80 
5 69 60 83 66 
5 72 57 79 70 
5 80 73 89 75 
5 81 65 61 80 
5 66 90 62 56 
5 85 56 54 82 
5 66 90 86 68 
5 72 90 55 84 
5 59 79 93 59 
5 65 82 87 59 
5 62 84 55 56 
5 57 60 87 57 
5 69 58 57 79 
5 92 85 70 74 
5 79 79 93 57 
5 80 81 85 91 
5 83 69 55 93 
5 64 53 68 90 
5 66 86 72 71 
5 57 65 73 53 
5 74 64 84 79 
5 88 83 62 87 
5 76 86 53 93 
5 84 86 90 80 
5 64 71 85 77 
5 70 66 76 54 
5 68 63 93 92 
5 75 91 89 91 
5 77 68 55 61 
5 65 90 71 75 
5 85 78 61 87 
5 70 77 71 59 
5 73 78 89 85 
5 53 78 56 76 
5 62 58 68 92 
5 78 93 58 80 
5 76 73 81 89 
5 85 73 79 61 
5 62 87 55 77 
5 71 75 68 86 
5 56 62 93 72 
5 87 85 90 77 
5 68 87 80 83 
5 59 53 72 83 
5 73 69 60 64 
5 60 84 64 74 
5 84 85 79 73 
5 70 81 89 58 
5 57 64 80 79 
5 66 74 89 66 
5 81 91 59 54 
5 92 88 67 84 
5 63 65 63 82 
5 78 90 57 83 
5 55 57 69 67 
5 91 58 56 91 
5 54 70 75 89 
5 75 71 85 69 
5 53 75 86 81 
5 53 71 63 58 
5 53 66 68 61 
5 83 93 76 81 
5 55 69 67 77 
5 58 69 90 71 
5 87 62 92 75 
5 93 87 69 92 
5 75 86 58 90 
5 76 70 58 61 
5 88 73 92 92 
5 75 81 89 53 
5 55 85 71 59 
5 91 75 80 86 
5 75 83 79 86 
5 78 64 69 76 
5 73 86 93 60 
5 84 77 77 79 
5 58 53 80 83 
5 63 87 89 72 
5 85 69 57 86 
5 87 81 74 89 
5 81 78 57 61 
5 71 67 66 59 
5 77 71 87 86 
5 90 58 58 62 
5 61 87 56 75 
5 79 56 53 74 
5 68 59 71 90 
5 89 77 71 73 
5 89 70 88 77 
5 86 77 64 62 
5 77 88 65 70 
5 71 81 83 67 
5 84 84 68 63 
5 55 68 77 76 
5 69 58 69 89 
5 77 92 67 79 
5 60 63 91 88 
5 73 68 80 80 
5 61 60 53 83 
5 87 91 88 76 
5 84 82 57 87 
5 78 66 84 54 
5 66 85 87 82 
5 65 73 89 82 
5 89 76 60 72 
5 60 76 92 66 
5 57 57 65 63 
5 63 72 53 93 
5 71 93 85 74 
5 71 87 64 59 
5 54 73 54 83 
5 80 70 68 80 
5 64 70 86 61 
5 53 64 83 70 
5 68 64 75 89 
5 65 67 62 55 
5 57 55 73 60 
5 53 79 93 63 
5 67 92 87 64 
5 86 54 93 64 
5 53 72 93 72 
5 92 67 54 85 
5 86 68 73 72 
5 73 87 66 91 
5 75 62 74 88 
5 85 88 77 72 
5 92 87 54 56 
5 74 73 93 69 
5 63 79 65 71 
5 74 69 83 93 
5 73 84 70 64 
5 62 85 75 54 
5 92 64 75 93 
5 75 83 59 83 
5 61 85 79 59 
5 72 78 82 92 
5 71 75 80 57 
5 74 87 78 92 
5 59 73 86 89 
5 68 63 86 60 
5 68 81 66 88 
5 75 81 55 60 
5 71 63 87 77 
5 53 91 69 77 
5 67 57 77 56 
5 73 73 60 62 
5 59 80 83 58 
5 77 54 81 58 
5 90 85 74 75 
5 83 61 56 53 
5 56 62 91 86 
5 69 79 66 84 
5 90 73 59 93 
5 56 88 81 76 
5 71 64 85 82 
5 78 64 91 67 
5 89 58 56 57 
5 81 70 87 73 
5 54 57 56 54 
5 55 76 63 71 
5 86 68 89 85 
5 59 74 78 92 
5 67 53 62 70 
5 62 83 69 73 
5 79 72 58 88 
5 56 91 55 54 
5 84 60 91 76 
5 78 73 77 71 
5 85 61 65 85 
5 72 90 69 84 
5 91 67 60 67 
5 62 67 85 60 
5 63 91 85 65 
5 89 55 63 64 
5 85 88 60 54 
5 55 60 73 90 
5 56 71 90 77 
5 82 61 63 66 
5 72 84 62 69 
5 70 61 76 60 
5 66 67 69 90 
5 58 91 90 65 
5 90 69 79 67 
5 85 84 83 86 
5 66 83 88 69 
5 91 76 74 72 
5 70 75 56 54 
5 60 69 75 64 
5 92 72 86 88 
5 64 71 83 66 
5 61 73 92 77 
5 58 60 85 70 
5 84 87 89 59 
5 68 90 60 68 
5 67 87 55 65 
5 93 75 65 88 
5 58 61 64 62 
5 84 81 67 77 
5 78 93 90 55 
5 69 56 92 88 
5 77 60 59 62 
5 63 83 60 54 
5 55 80 70 67 
5 93 66 54 78 
5 61 56 69 74 
5 60 56 83 64 
5 59 74 88 69 
5 90 84 90 74 
5 93 54 85 83 
5 59 92 85 65 
5 82 77 62 55 
5 80 88 90 88 
5 67 85 77 85 
5 90 71 83 61 
5 92 80 84 77 
5 66 87 55 58 
5 70 76 79 69 
5 63 86 58 93 
5 72 67 84 74 
5 89 86 85 78 
5 73 68 70 79 
5 90 76 83 78 
5 59 71 82 90 
5 57 66 79 55 
5 56 87 76 54 
5 64 83 70 87 
5 85 72 75 83 
5 88 63 72 87 
5 75 82 55 66 
5 90 62 86 66 
5 55 68 79 73 
5 70 60 63 89 
5 88 85 80 59 
5 93 92 74 87 
5 78 71 93 59 
5 86 92 67 61 
5 85 82 60 85 
5 53 59 75 83 
5 82 61 84 65 
5 66 80 86 66 
5 84 61 71 64 
5 60 92 64 91 
5 84 56 55 83 
5 65 85 57 88 
5 72 73 81 78 
5 80 81 69 62 
5 76 85 75 54 
5 84 60 66 79 
5 82 67 61 65 
5 69 54 76 59 
5 74 91 71 64 
5 66 72 59 55 
5 53 90 82 83 
5 66 90 63 57 
5 89 89 86 55 
5 81 76 71 61 
5 65 92 70 67 
5 87 86 61 56 
5 54 57 74 88 
5 76 69 58 87 
5 79 59 80 78 
5 56 89 84 82 
5 63 65 75 84 
5 69 86 81 69 
5 55 57 87 76 
5 68 72 92 72 
5 91 55 82 72 
5 68 63 76 79 
5 59 89 67 86 
5 88 88 82 91 
5 85 89 56 56 
5 78 79 57 54 
5 79 86 60 88 
5 82 87 88 63 
5 60 90 56 75 
5 71 84 78 87 
5 79 62 68 90 
5 72 64 82 62 
5 65 60 62 67 
5 62 55 91 84 
5 59 57 67 85 
5 89 77 80 66 
5 90 54 63 92 
5 92 61 55 64 
5 80 69 91 77 
5 55 89 75 80 
5 66 64 88 80 
5 54 81 70 77 
5 57 86 93 91 
5 69 58 77 92 
5 53 91 71 76 
5 63 60 91 85 
5 60 66 59 79 
5 93 57 75 77 
5 73 85 63 60 
5 64 82 82 90 
5 69 62 83 70 
5 84 67 88 63 
5 69 73 54 67 
5 55 84 91 53 
5 76 81 93 88 
5 57 61 87 82 
5 91 84 90 69 
5 84 83 86 64 
5 57 70 93 86 
5 90 73 65 67 
5 65 77 84 67 
5 53 77 58 92 
5 77 68 80 59 
5 73 77 74 73 
5 64 87 55 80 
5 79 53 77 70 
5 72 61 75 58 
5 63 88 72 84 
5 93 55 76 89 
5 70 74 90 92 
5 53 72 67 82 
5 79 89 72 75 
5 84 57 73 57 
5 64 58 71 89 
5 81 91 92 82 
5 80 64 68 84 
5 71 82 91 90 
5 87 70 66 77 
5 87 85 53 87 
5 92 53 81 83 
5 91 70 87 68 
5 68 90 93 65 
5 76 62 76 84 
5 90 66 81 70 
5 56 83 76 91 
5 86 91 89 77 
5 72 60 65 70 
5 71 84 62 76 
5 63 63 87 67 
5 79 81 75 84 
5 57 77 57 67 
5 63 86 83 75 
5 63 65 58 62 
5 60 62 77 71 
5 55 75 86 87 
5 89 86 88 75 
5 78 90 78 86 
5 67 63 81 66 
5 60 62 86 53 
5 62 55 54 74 
5 56 60 53 91 
5 60 89 93 85 
5 91 58 91 87 
5 78 57 86 64 
5 67 55 76 62 
5 67 53 73 83 
5 67 91 60 60 
5 93 70 69 53 
5 73 79 55 85 
5 82 80 73 91 
5 69 60 93 83 
5 84 63 84 92 
5 68 85 73 64 
5 79 93 91 72 
5 58 79 78 66 
5 77 85 89 56 
5 68 53 69 55 
5 83 57 88 63 
5 67 73 74 92 
5 80 91 72 87 
5 58 89 65 54 
5 70 66 75 69 
5 67 92 76 71 
5 84 90 80 65 
5 76 73 78 66 
5 87 72 91 60 
5 61 73 87 80 
5 68 66 85 71 
5 89 69 54 91 
5 57 58 73 57 
5 80 93 60 83 
5 60 75 93 59 
5 75 61 72 93 
5 86 89 81 80 
5 61 64 92 60 
5 74 57 79 82 
5 88 55 81 89 
5 69 84 55 57 
5 73 69 55 77 
5 89 60 74 84 
5 65 90 53 65 
5 84 57 59 65 
5 93 55 77 86 
5 91 92 79 86 
5 80 64 56 69 
5 53 57 76 89 
5 61 89 57 84 
5 88 76 72 74 
5 85 71 83 88 
5 76 73 66 82 
5 81 80 82 62 
5 89 56 78 76 
5 80 64 60 58 
5 64 77 73 79 
5 69 65 87 57 
5 83 93 90 74 
5 61 57 57 73 
5 60 66 57 57 
5 66 78 84 81 
5 63 83 58 64 
5 61 73 81 79 
5 63 56 70 81 
5 62 87 57 53 
5 78 81 66 81 
5 73 74 67 58 
5 86 63 80 73 
5 84 61 89 64 
5 80 65 85 69 
5 61 57 75 62 
5 76 93 84 78 
5 68 91 79 80 
5 58 73 92 57 
5 59 82 88 67 
5 82 76 73 75 
5 58 53 54 74 
5 53 76 75 57 
5 61 87 71 60 
5 87 79 84 61 
5 67 73 54 59 
5 73 78 72 54 
5 64 55 78 61 
5 81 80 80 55 
5 91 55 66 72 
5 86 70 72 55 
5 69 71 55 58 
5 56 66 76 69 
5 78 93 81 65 
5 72 71 56 80 
5 90 59 60 87 
5 66 67 54 80 
5 76 92 55 78 
5 75 62 82 75 
5 90 69 61 74 
5 72 79 89 85 
5 86 77 78 55 
5 65 59 58 63 
5 73 89 72 63 
5 84 86 60 74 
5 58 53 66 85 
5 54 88 66 76 
5 92 70 83 57 
5 76 78 55 85 
5 92 65 93 80 
5 54 61 77 75 
5 79 63 86 84 
5 59 86 60 68 
5 77 87 59 69 
5 75 70 58 69 
5 64 82 53 91 
5 88 55 83 68 
5 72 75 81 70 
5 55 75 93 81 
5 68 55 72 91 
5 61 78 67 76 
5 67 63 68 60 
5 54 66 58 68 
5 73 67 77 73 
5 54 63 71 76 
5 65 76 79 54 
5 93 56 62 87 
5 77 53 65 53 
5 60 85 80 93 
5 82 78 92 59 
5 66 60 68 66 
5 76 56 72 60 
5 60 79 68 86 
5 68 78 92 79 
5 84 87 53 57 
5 80 91 74 71 
5 68 83 88 88 
5 63 75 90 53 
5 91 61 54 57 
5 93 59 90 77 
5 84 72 59 90 
5 61 57 73 56 
5 67 63 93 90 
5 90 64 59 89 
5 85 78 61 81 
5 73 90 68 89 
5 86 92 69 91 
5 64 88 69 66 
5 60 88 91 64 
5 67 58 64 78 
5 54 75 76 53 
5 69 68 59 61 
5 87 58 86 57 
5 88 55 88 55 
5 63 60 78 62 
5 64 92 79 75 
5 53 70 58 78 
5 68 90 90 64 
5 66 79 77 67 
5 77 72 73 65 
5 82 68 82 64 
5 63 80 64 68 
5 66 93 68 90 
5 56 83 56 74 
5 64 55 64 90 
5 70 91 68 53 
5 65 69 62 83 
5 58 69 57 77 
5 84 88 91 93 
5 56 77 81 71 
5 90 80 84 75 
5 56 66 89 87 
5 56 75 72 55 
5 88 82 62 78 
5 69 62 70 93 
5 63 93 56 78 
5 75 92 71 60 
5 60 54 84 74 
5 77 74 62 87 
5 64 80 81 80 
5 83 88 85 59 
5 80 57 88 72 
5 93 92 66 88 
5 65 71 56 55 
5 84 61 64 69 
5 72 55 56 59 
5 77 67 75 65 
5 55 90 79 59 
5 61 77 83 62 
5 87 76 65 54 
5 74 93 78 62 
5 71 81 61 70 
5 64 81 67 82 
5 67 70 72 59 
5 58 86 66 68 
5 85 68 73 89 
5 81 89 65 76 
5 90 90 81 88 
5 82 93 78 64 
5 80 74 55 85 
5 58 81 77 53 
5 59 64 81 75 
5 73 80 76 58 
5 59 56 58 72 
5 79 69 73 75 
5 78 91 71 84 
5 91 76 84 77 
5 86 85 71 85 
5 53 80 58 75 
5 84 84 65 84 
5 70 75 78 67 
5 89 91 56 87 
5 90 56 83 67 
5 61 53 70 70 
5 80 70 64 91 
5 86 54 66 70 
5 56 78 69 65 
5 79 78 63 69 
5 55 64 91 56 
5 62 83 69 70 
5 73 83 53 65 
5 69 57 64 55 
5 87 53 75 54 
5 66 90 56 80 
5 75 92 72 83 
5 74 73 76 76 
5 63 64 73 62 
5 63 58 74 89 
5 75 81 69 79 
5 85 90 66 71 
5 65 69 53 84 
5 92 63 87 90 
5 68 63 84 60 
5 68 80 59 54 
5 70 77 74 92 
5 84 70 72 76 
5 61 63 79 77 
5 62 59 67 76 
5 64 70 85 63 
5 60 80 88 65 
5 80 82 81 70 
5 85 83 82 56 
5 55 59 71 86 
5 60 55 70 91 
5 79 72 62 57 
5 56 72 81 93 
5 61 89 53 57 
5 57 76 57 58 
5 83 59 70 74 
5 77 76 68 63 
5 90 66 89 88 
5 80 88 76 54 
5 88 81 78 83 
5 76 91 88 85 
5 88 77 70 53 
5 75 55 91 90 
5 91 92 89 71 
5 82 73 86 66 
5 61 84 64 66 
5 77 62 55 80 
5 86 71 55 87 
5 76 92 75 65 
5 86 70 62 81 
5 85 85 54 64 
5 70 76 79 78 
5 73 65 76 61 
5 55 88 60 66 
5 55 76 75 64 
5 57 80 67 59 
5 70 67 84 60 
5 69 69 76 86 
5 70 68 53 64 
5 89 79 76 74 
5 62 65 84 53 
5 77 85 82 63 
5 75 93 76 78 
5 77 78 73 65 
5 88 63 62 79 
5 74 92 87 80 
5 72 84 71 75 
5 58 54 83 75 
5 86 80 92 86 
5 92 80 61 81 
5 68 72 85 63 
5 87 92 54 53 
5 73 55 64 83 
5 65 79 79 54 
5 62 77 71 54 
5 57 73 70 58 
5 89 60 71 90 
5 76 62 59 69 
5 59 79 72 64 
5 87 93 57 88 
5 61 70 59 57 
5 85 88 76 60 
5 65 75 84 67 
5 79 68 79 53 
5 72 68 72 73 
5 90 77 78 75 
5 66 80 60 71 
5 73 79 55 65 
5 69 90 60 70 
5 69 71 92 85 
5 90 75 82 84 
5 68 82 93 83 
5 93 72 83 93 
5 86 85 56 53 
5 64 83 91 93 
5 68 75 59 80 
5 71 83 81 90 
5 92 86 75 90 
5 56 64 85 64 
5 90 76 54 71 
5 53 56 85 84 
5 63 80 82 90 
5 53 66 91 93 
5 92 54 79 86 
5 83 78 86 70 
5 65 85 72 79 
5 82 62 61 57 
5 72 65 67 89 
5 66 91 73 86 
5 88 73 74 65 
5 55 76 71 79 
5 66 64 77 67 
5 70 57 87 58 
5 74 79 77 64 
5 85 54 61 69 
5 83 73 54 53 
5 86 57 76 70 
5 74 61 89 88 
5 91 83 87 59 
5 56 92 61 57 
5 78 70 85 62 
5 54 69 92 72 
5 53 91 69 80 
5 83 81 86 84 
5 86 69 78 75 
5 70 86 84 66 
5 83 73 68 67 
5 81 61 80 56 
5 69 75 91 53 
5 65 55 53 58 
5 63 80 84 63 
5 64 86 74 83 
5 69 78 66 86 
5 54 93 71 85 
5 60 87 59 66 
5 75 61 90 53 
5 71 78 72 55 
5 85 62 92 88 
5 76 70 88 55 
5 91 69 64 59 
5 70 77 61 74 
5 77 83 88 75 
5 87 93 85 86 
5 69 57 59 62 
5 60 68 69 87 
5 54 79 68 72 
5 78 91 69 66 
5 88 89 71 58 
5 81 78 89 73 
5 79 56 87 59 
5 62 91 58 75 
5 53 69 61 89 
5 55 73 79 88 
5 87 61 61 91 
5 53 83 90 56 
5 70 57 55 65 
5 63 57 80 59 
5 75 84 79 75 
5 56 70 74 59 
5 82 60 63 62 
5 78 70 68 89 
5 86 56 54 78 
5 65 65 71 84 
5 57 92 88 73 
5 72 56 85 62 
5 58 84 64 78 
5 93 93 84 91 
5 76 83 65 74 
5 90 81 73 78 
5 67 65 91 53 
5 89 57 56 92 
5 69 76 63 89 
5 71 81 77 74 
5 76 58 76 93 
5 89 66 60 72 
5 63 63 93 61 
5 61 54 56 93 
5 69 84 92 57 
5 90 93 86 62 
5 67 59 65 72 
5 78 84 80 59 
5 77 88 72 59 
5 66 63 90 54 
5 70 60 66 56 
5 62 89 53 86 
5 58 81 93 72 
5 87 59 89 90 
5 86 62 68 61 
5 61 59 68 55 
5 59 74 82 81 
5 77 75 85 90 
5 66 72 67 76 
5 57 53 56 77 
5 55 88 88 63 
5 78 69 54 89 
5 85 67 56 53 
5 91 87 54 73 
5 75 69 62 71 
5 92 91 93 58 
5 90 60 93 77 
5 64 60 58 57 
5 54 79 93 69 
5 55 65 71 90 
5 55 77 57 74 
5 78 87 58 65 
5 56 73 90 58 
5 56 65 70 92 
5 85 81 76 90 
5 53 79 58 86 
5 77 80 92 53 
5 62 68 55 93 
5 92 81 88 82 
5 66 56 83 59 
5 58 71 70 83 
5 77 58 77 58 
5 72 88 70 70 
5 57 61 88 85 
5 89 76 56 67 
5 74 59 92 93 
5 55 77 93 92 
5 80 83 73 62 
5 76 84 79 66 
5 80 63 63 57 
5 90 57 78 62 
5 75 78 55 88 
5 77 60 59 73 
5 73 82 77 57 
5 55 61 53 58 
5 85 81 64 57 
5 87 63 58 78 
5 64 82 78 77 
5 93 73 79 67 
5 66 80 69 64 
5 56 71 70 64 
5 60 60 56 76 
5 85 81 88 69 
5 79 79 86 59 
5 79 85 82 64 
5 93 58 84 57 
5 58 63 74 55 
5 84 78 76 86 
5 82 73 70 80 
5 72 64 60 72 
5 77 80 84 66 
5 53 61 74 73 
5 85 81 92 59 
5 75 64 62 84 
5 88 71 64 84 
5 77 86 72 55 
5 70 91 68 81 
5 81 59 84 70 
5 88 69 74 72 
5 66 56 75 81 
5 75 77 70 63 
5 77 64 66 63 
5 60 77 64 79 
5 82 66 74 90 
5 67 53 91 80 
5 57 81 67 81 
5 53 65 80 77 
5 83 53 92 74 
5 64 84 85 69 
5 63 73 66 77 
5 71 83 74 72 
5 84 91 74 76 
5 67 87 55 84 
5 86 90 58 53 
5 53 62 70 74 
5 54 79 82 92 
5 87 69 86 73 
5 91 62 62 55 
5 72 90 57 76 
5 61 92 88 71 
5 73 87 60 70 
5 61 91 70 53 
5 78 72 61 61 
5 58 90 64 58 
5 89 75 82 91 
5 57 59 64 85 
5 92 82 84 87 
5 71 74 57 57 
5 55 73 88 84 
5 91 81 91 67 
5 77 63 63 71 
5 91 66 64 58 
5 70 81 59 54 
5 75 88 88 53 
5 64 60 93 84 
5 56 62 93 81 
5 71 92 53 55 
5 92 72 66 85 
5 86 79 82 72 
5 73 77 59 64 
5 80 56 74 88 
5 61 72 83 54 
5 82 70 62 79 
5 66 78 76 65 
5 53 72 91 57 
5 88 83 72 68 
5 69 77 83 55 
5 92 80 64 85 
5 69 82 63 56 
5 64 58 64 79 
5 73 62 82 56 
5 87 86 86 72 
5 83 90 73 65 
5 84 56 78 63 
5 60 81 89 63 
5 71 66 63 58 
5 92 70 81 59 
5 55 72 67 55 
5 81 71 56 64 
5 69 82 92 79 
5 84 56 69 56 
5 68 69 66 68 
5 60 58 77 74 
5 63 64 61 56 
5 81 91 69 81 
5 54 60 65 63 
5 68 71 83 63 
5 56 69 61 63 
5 70 70 63 74 
5 53 87 60 62 
5 79 85 77 55 
5 64 54 88 87 
5 73 77 81 74 
5 74 78 83 85 
5 71 77 53 75 
5 91 64 93 58 
5 61 81 80 78 
5 57 68 84 83 
5 65 59 83 89 
5 91 57 74 67 
5 78 67 88 57 
5 58 72 82 85 
5 76 70 87 65 
5 87 61 90 58 
5 74 56 53 79 
5 64 67 68 74 
5 84 67 53 91 
5 90 74 64 68 
5 93 89 92 90 
5 56 80 65 91 
5 61 79 91 86 
5 61 68 88 91 
5 88 79 55 73 
5 77 63 75 55 
5 75 77 61 78 
5 60 74 74 84 
5 58 71 72 76 
5 71 69 71 65 
5 67 67 61 85 
5 92 59 72 66 
5 55 85 89 76 
5 53 53 75 91 
5 59 74 83 61 
5 66 90 75 81 
5 57 89 85 61 
5 65 58 81 92 
5 55 61 65 88 
5 68 72 85 77 
5 79 81 65 69 
5 79 64 86 84 
5 72 90 59 62 
5 58 73 72 58 
5 65 72 72 56 
5 87 63 62 75 
5 68 55 88 82 
5 91 73 58 90 
5 86 82 82 73 
5 65 64 77 72 
5 92 69 93 91 
5 63 54 75 59 
5 55 90 67 80 
5 93 83 83 55 
5 70 57 74 57 
5 75 89 74 71 
5 57 53 69 65 
5 80 62 64 88 
5 87 55 65 70 
5 73 79 56 59 
5 55 80 59 90 
5 79 66 92 86 
5 59 81 54 64 
5 91 58 62 67 
5 87 53 85 73 
5 87 67 87 83 
5 74 64 69 87 
5 79 87 93 66 
5 64 60 60 81 
5 88 61 81 80 
5 61 56 76 73 
5 67 87 62 58 
5 81 57 89 90 
5 79 77 56 75 
5 62 88 58 63 
5 87 80 68 69 
5 83 63 67 56 
5 74 69 69 86 
5 66 57 64 78 
5 79 73 83 73 
5 91 63 81 67 
5 92 63 80 61 
5 80 62 65 68 
5 70 64 75 93 
5 90 66 82 65 
5 87 87 58 73 
5 64 85 64 63 
5 78 78 81 82 
5 77 58 82 85 
5 92 83 90 87 
5 53 90 66 78 
5 89 61 65 64 
5 62 91 65 87 
5 93 67 72 89 
5 59 73 62 60 
5 72 56 63 78 
5 57 91 75 69 
5 89 79 58 53 
5 58 60 60 71 
5 59 67 81 71 
5 73 87 60 77 
5 77 77 91 74 
5 65 93 70 58 
5 86 91 66 55 
5 55 55 72 64 
5 79 58 68 59 
5 66 54 78 69 
5 53 53 81 56 
5 80 74 57 69 
5 92 58 58 91 
5 75 69 73 64 
5 90 76 84 93 
5 78 86 75 75
0 9 12 7 8
0 14 27 4 13
0 10 67 46 28
0 46 47 65 49
0 58 60 60 71
0 12 11 12 11
0 2 17 7 7 
0 18 34 38 49
0 75 64 87 77 
4 56 41 75 58 